============================== SRIM-2013.00 ==============================
==============================================================================
===== TRIMOUT.txt: File of Transmitted / Backscattered / Sputtered Atoms =====
=  This file tabulates the kinetics of ions or atoms leaving the target.     =
=  Column #1: S= Sputtered Atom, B= Backscattered Ion, T= Transmitted Ion.   =
=  Col.#2: Ion Number, Col.#3: Z of atom leaving, Col.#4: Atom energy (eV).  =
=  Col.#5-7: Last location:  X= Depth into target, Y,Z= Transverse axes.     =
=  Col.#8-10: Cosines of final trajectory.                                   =
= *** This data file is in the same format as TRIM.DAT (see manual for uses).=
====== TRIM Calc.= Xe(34.7 GeV) ==> Ilford G_5+Glass Soda_Li( 8.24 mm) =======
 Ion  Atom   Energy        Depth       Lateral-Position        Atom Direction      
 Numb Numb    (eV)          X(A)        Y(A)       Z(A)      Cos(X)  Cos(Y) Cos(Z) 
T    1 54 .1177979E+11   8240000E+01  .2704E+05  .4382E+05   .9999858  .0012754  .0051721
T    2 54 .1178752E+11   8240000E+01 -.1511E+06 -.1757E+06   .9997701 -.0057331 -.0206594
T    3 54 .1180485E+11   8240000E+01 -.1056E+06 -.4087E+06   .9999064 -.0027108 -.0134135
T    4 54 .1184977E+11   8240000E+01 -.1922E+05 -.5278E+05   .9999994 -.0010977 -.0002574
T    5 54 .1171919E+11   8240000E+01 -.5864E+05  .2340E+06   .9999883 -.0029628  .0038183
T    6 54 .1181880E+11   8240000E+01 -.8844E+05 -.2942E+05   .9999920 -.0037142 -.0014527
T    7 54 .1180904E+11   8240000E+01 -.4674E+05 -.1124E+06   .9999845  .0054707  .0010434
T    8 54 .1174382E+11   8240000E+01 -.8233E+05 -.1909E+06   .9999792 -.0056752 -.0030711
T    9 54 .1178826E+11   8240000E+01 -.6395E+05 -.3238E+06   .9999785  .0012186 -.0064414
T   10 54 .1178093E+11   8240000E+01  .1792E+06  .1081E+05   .9999976  .0021766  .0000186
T   11 54 .1181281E+11   8240000E+01 -.2150E+06  .1168E+05   .9999678 -.0078561  .0016317
T   12 54 .1182804E+11   8240000E+01 -.6356E+05  .1290E+05   .9999936 -.0035832 -.0000436
T   13 54 .1182765E+11   8240000E+01 -.9050E+05 -.2639E+06   .9999676 -.0040828 -.0069391
T   14 54 .1173799E+11   8240000E+01  .1961E+06  .1122E+06   .9999786  .0027940  .0059177
T   15 54 .1176793E+11   8240000E+01 -.5831E+05 -.7813E+05   .9999894 -.0002113 -.0045992
T   16 54 .1178964E+11   8240000E+01  .2458E+06  .1516E+06   .9999359  .0093899  .0063251
T   17 54 .1181490E+11   8240000E+01 -.1150E+06  .7927E+05   .9999893 -.0042976  .0017292
T   18 54 .1180017E+11   8240000E+01  .2152E+06  .3480E+05   .9999735  .0066129 -.0030372
T   19 54 .1177487E+11   8240000E+01  .3386E+06  .1341E+06   .9999401  .0098563  .0047542
T   20 54 .1182097E+11   8240000E+01  .2329E+06 -.9099E+05   .9999766  .0060807 -.0031316
T   21 54 .1179228E+11   8240000E+01 -.1062E+06  .1126E+06   .9999443 -.0080349  .0068430
T   22 54 .1189301E+11   8240000E+01 -.5218E+05  .2163E+06   .9999869  .0019963  .0047109
T   23 54 .1181055E+11   8240000E+01  .5784E+05  .3658E+05   .9999966  .0024653 -.0009051
T   24 54 .1175273E+11   8240000E+01  .4062E+06  .6767E+05   .9999597  .0086290  .0024649
T   25 54 .1180983E+11   8240000E+01 -.3152E+06 -.2595E+05   .9999772 -.0067204  .0006278
T   26 54 .1182740E+11   8240000E+01 -.1448E+06  .5634E+05   .9999947 -.0026736  .0018449
T   27 54 .1135096E+11   8240000E+01 -.3054E+06  .5409E+06   .9975926 -.0541456  .0433276
T   28 54 .1161698E+11   8240000E+01 -.1694E+04  .1145E+07   .9997556 -.0045275  .0216398
T   29 54 .1179756E+11   8240000E+01 -.2086E+06  .1222E+06   .9999836 -.0057200 -.0001422
T   30 54 .1182078E+11   8240000E+01  .7443E+05  .1553E+06   .9999747  .0038777  .0059674
T   31 54 .1180077E+11   8240000E+01  .2884E+06  .1647E+06   .9999779  .0055140  .0037248
T   32 54 .1176474E+11   8240000E+01  .6909E+04 -.1969E+05   .9999900  .0029888  .0033236
T   33 54 .1182543E+11   8240000E+01  .1032E+06  .3186E+05   .9999917  .0039516 -.0009731
T   34 54 .1191391E+11   8240000E+01  .9092E+05  .3516E+05   .9999832  .0052354 -.0024872
T   35 54 .1181499E+11   8240000E+01  .5947E+05 -.1324E+06   .9999706  .0013296 -.0075533
T   36 54 .1177924E+11   8240000E+01  .2707E+06 -.1895E+06   .9999206  .0107768 -.0065335
T   37 54 .1180771E+11   8240000E+01  .1081E+06  .2563E+05   .9999977 -.0020991 -.0003282
T   38 54 .1174281E+11   8240000E+01  .1032E+06  .2725E+04   .9999973  .0020347 -.0011566
T   39 54 .1182272E+11   8240000E+01 -.2775E+05 -.1370E+06   .9999834  .0021186 -.0053503
T   40 54 .1180598E+11   8240000E+01  .9959E+05 -.1979E+06   .9999430  .0058539 -.0089285
T   41 54 .1175157E+11   8240000E+01  .1935E+06 -.1827E+06   .9999593  .0081372 -.0039008
T   42 54 .1172710E+11   8240000E+01 -.1725E+06  .2367E+05   .9999754 -.0043932  .0054646
T   43 54 .1176270E+11   8240000E+01  .1522E+06  .5060E+05   .9999834  .0052852 -.0022995
T   44 54 .1178402E+11   8240000E+01  .2615E+05 -.1188E+04   .9999994  .0000328 -.0010881
T   45 54 .1175761E+11   8240000E+01 -.1144E+06  .2914E+06   .9999919 -.0003909  .0039951
T   46 54 .1175091E+11   8240000E+01  .5185E+05  .9334E+05   .9999959  .0025027  .0014017
T   47 54 .1178320E+11   8240000E+01  .5747E+05 -.2210E+06   .9999571 -.0003164 -.0092532
T   48 54 .1169402E+11   8240000E+01 -.8413E+05 -.1112E+05   .9999863 -.0038472 -.0035558
T   49 54 .1177621E+11   8240000E+01 -.5609E+05  .5797E+05   .9999960  .0027896 -.0004874
T   50 54 .1171440E+11   8240000E+01 -.3825E+06  .7448E+05   .9999774 -.0063847 -.0021204
T   51 54 .1182716E+11   8240000E+01 -.1329E+06 -.6772E+05   .9999981 -.0017412 -.0009001
T   52 54 .1179296E+11   8240000E+01  .4167E+05  .3657E+05   .9999673  .0069150  .0041890
T   53 54 .1187563E+11   8240000E+01  .3959E+05  .1857E+06   .9999906  .0036974  .0022776
T   54 54 .1177969E+11   8240000E+01 -.4357E+04  .6783E+05   .9999994  .0009679 -.0005513
T   55 54 .1178815E+11   8240000E+01 -.2390E+06 -.1886E+06   .9999556 -.0086041 -.0038309
T   56 54 .1177485E+11   8240000E+01 -.1681E+06 -.2551E+06   .9999617 -.0057307 -.0066117
T   57 54 .1169091E+11   8240000E+01  .1928E+06 -.1650E+06   .9999785  .0037512 -.0053720
T   58 54 .1181766E+11   8240000E+01  .4264E+05  .1677E+06   .9999904  .0026021  .0035203
T   59 54 .1181709E+11   8240000E+01  .8264E+05 -.2011E+06   .9999914  .0026651 -.0031758
T   60 54 .1182682E+11   8240000E+01  .7593E+05  .9184E+05   .9999961  .0027326  .0005267
T   61 54 .1177731E+11   8240000E+01 -.2630E+05  .1317E+06   .9999983 -.0009435  .0015898
T   62 54 .1178605E+11   8240000E+01  .9052E+04 -.5014E+05   .9999924 -.0038748  .0003282
T   63 54 .1176950E+11   8240000E+01 -.2983E+05 -.1475E+06   .9999875 -.0008129 -.0049358
T   64 54 .1183428E+11   8240000E+01  .1186E+06 -.1750E+06   .9999960  .0022705 -.0016699
T   65 54 .1176864E+11   8240000E+01  .1140E+06 -.2601E+06   .9999757  .0010786 -.0068924
T   66 54 .1185137E+11   8240000E+01  .1195E+06  .2700E+05   .9999920  .0039275  .0007325
T   67 54 .1184158E+11   8240000E+01 -.2230E+06  .2195E+06   .9999555 -.0059695  .0073111
T   68 54 .1175776E+11   8240000E+01  .3148E+05 -.2875E+06   .9999781 -.0051458 -.0041628
T   69 54 .1173828E+11   8240000E+01 -.1703E+05 -.9951E+05   .9999863 -.0035470  .0038518
T   70 54 .1182937E+11   8240000E+01  .2164E+06  .8244E+05   .9999638  .0079757  .0029537
T   71 54 .1184355E+11   8240000E+01 -.7587E+05 -.1602E+06   .9999970 -.0001107  .0024404
T   72 54 .1177701E+11   8240000E+01 -.1219E+06 -.9305E+05   .9999973 -.0022897 -.0002449
T   73 54 .1180958E+11   8240000E+01 -.1415E+05 -.1380E+06   .9999977 -.0012160 -.0017641
T   74 54 .1177692E+11   8240000E+01  .1167E+06  .1292E+05   .9999974 -.0012243 -.0019209
T   75 54 .1180197E+11   8240000E+01 -.2878E+06  .1216E+06   .9999545 -.0083214  .0046595
T   76 54 .1182143E+11   8240000E+01 -.6581E+04 -.1196E+06   .9999671  .0013518 -.0080010
T   77 54 .1177736E+11   8240000E+01 -.4285E+05 -.4364E+06   .9999429 -.0032614 -.0101744
T   78 54 .1183287E+11   8240000E+01 -.9464E+05 -.2131E+05   .9999942 -.0018886  .0028344
T   79 54 .1184625E+11   8240000E+01 -.4380E+05  .2048E+06   .9999918 -.0034800  .0020865
T   80 54 .1187048E+11   8240000E+01  .2121E+06  .2325E+06   .9999653  .0002752  .0083231
T   81 54 .1171189E+11   8240000E+01 -.9846E+05  .5596E+05   .9999949 -.0031516 -.0005934
T   82 54 .1180453E+11   8240000E+01  .6513E+05 -.5313E+05   .9999793  .0007651 -.0063926
T   83 54 .1181672E+11   8240000E+01  .1124E+06 -.8106E+05   .9999847  .0050980 -.0021299
T   84 54 .1172904E+11   8240000E+01  .1942E+06  .2373E+06   .9999329  .0074903  .0088388
T   85 54 .1178367E+11   8240000E+01 -.2366E+06  .7211E+05   .9999838 -.0056933  .0000909
T   86 54 .1177843E+11   8240000E+01 -.3657E+05 -.1693E+06   .9999973  .0009452 -.0021409
T   87 54 .1173051E+11   8240000E+01 -.4596E+06  .3574E+06   .9999101 -.0079632  .0107906
T   88 54 .1172632E+11   8240000E+01  .1414E+06 -.2228E+06   .9999937  .0035488  .0002341
T   89 54 .1179135E+11   8240000E+01  .2324E+06  .1962E+06   .9999906 -.0001023  .0043294
T   90 54 .1182406E+11   8240000E+01  .1063E+06 -.3453E+05   .9999987  .0011602 -.0011072
T   91 54 .1164143E+11   8240000E+01  .1796E+06 -.5214E+05   .9999514  .0097720  .0012766
T   92 54 .1179503E+11   8240000E+01 -.1936E+06  .8294E+05   .9999744 -.0067255  .0024391
T   93 54 .1174590E+11   8240000E+01 -.1875E+06  .3405E+05   .9999912 -.0032363 -.0026675
T   94 54 .1188326E+11   8240000E+01  .8278E+05 -.7271E+05   .9999984  .0010889 -.0014438
T   95 54 .1179253E+11   8240000E+01 -.1509E+06  .2484E+05   .9999754 -.0063933 -.0028945
T   96 54 .1177622E+11   8240000E+01  .5667E+05 -.4232E+05   .9999976 -.0003984  .0021720
T   97 54 .1173219E+11   8240000E+01 -.8477E+04 -.1288E+06   .9999690 -.0062907 -.0047284
T   98 54 .1175779E+11   8240000E+01 -.1627E+06  .1390E+06   .9999520 -.0072702  .0065643
T   99 54 .1179168E+11   8240000E+01 -.1146E+06  .2949E+06   .9999752 -.0045974  .0053321
T  100 54 .1186659E+11   8240000E+01 -.1680E+06  .1606E+06   .9999809 -.0057187  .0023643
T  101 54 .1186414E+11   8240000E+01  .1593E+06 -.1182E+06   .9999950  .0027519  .0015691
T  102 54 .1177068E+11   8240000E+01 -.1428E+06  .6627E+04   .9999930 -.0036790 -.0006422
T  103 54 .1176586E+11   8240000E+01  .1686E+05 -.2131E+06   .9999986 -.0007148 -.0014825
T  104 54 .1178254E+11   8240000E+01  .1027E+06  .1770E+06   .9999973  .0023274  .0001443
T  105 54 .1183924E+11   8240000E+01 -.6829E+05 -.1883E+06   .9999982 -.0010151 -.0015745
T  106 54 .1183243E+11   8240000E+01 -.4144E+05 -.1346E+06   .9999377 -.0019813 -.0109894
T  107 54 .1180775E+11   8240000E+01  .1395E+06  .5902E+05   .9999949 -.0002068  .0031787
T  108 54 .1172273E+11   8240000E+01 -.2115E+05  .4919E+05   .9999903  .0043877 -.0002514
T  109 54 .1177173E+11   8240000E+01  .1369E+06  .3268E+06   .9999728  .0039424  .0062318
T  110 54 .1179172E+11   8240000E+01 -.1841E+06 -.1074E+05   .9999639 -.0079248  .0030590
T  111 54 .1177022E+11   8240000E+01 -.3869E+06 -.4368E+04   .9999558 -.0091153  .0022833
T  112 54 .1180366E+11   8240000E+01 -.2480E+05  .4373E+05   .9999954 -.0026045 -.0015693
T  113 54 .1181105E+11   8240000E+01 -.1253E+06  .2190E+06   .9999722 -.0069558  .0026854
T  114 54 .1177734E+11   8240000E+01  .1570E+05  .2586E+06   .9999832  .0043442  .0038330
T  115 54 .1179024E+11   8240000E+01 -.1693E+05  .1513E+06   .9999846 -.0044981  .0032407
T  116 54 .1170251E+11   8240000E+01  .1577E+06  .1211E+06   .9999734  .0047510  .0055269
T  117 54 .1177401E+11   8240000E+01  .5784E+05 -.3491E+05   .9999958 -.0026711  .0011637
T  118 54 .1180859E+11   8240000E+01 -.1419E+06 -.1005E+06   .9999996  .0002337 -.0008562
T  119 54 .1171726E+11   8240000E+01  .1040E+06  .4270E+05   .9999974  .0016731 -.0015785
T  120 54 .1180664E+11   8240000E+01 -.4079E+05 -.1694E+06   .9999675 -.0012035 -.0079767
T  121 54 .1171882E+11   8240000E+01 -.1312E+06  .1996E+06   .9999475 -.0090207  .0048597
T  122 54 .1184011E+11   8240000E+01 -.1005E+06  .1908E+05   .9999811 -.0060229 -.0012390
T  123 54 .1177302E+11   8240000E+01  .2345E+06 -.3238E+06   .9999754  .0020591 -.0067044
T  124 54 .1178387E+11   8240000E+01 -.1740E+05  .4940E+05   .9999972 -.0023140  .0003939
T  125 54 .1183015E+11   8240000E+01  .5259E+05 -.2312E+06   .9999937  .0022942 -.0026980
T  126 54 .1181611E+11   8240000E+01  .1160E+06 -.3275E+05   .9999714  .0075499  .0004873
T  127 54 .1179379E+11   8240000E+01 -.1827E+06 -.1493E+05   .9999974 -.0020961  .0009421
T  128 54 .1181600E+11   8240000E+01 -.1226E+06 -.1390E+06   .9999786 -.0038130 -.0053099
T  129 54 .1172322E+11   8240000E+01  .1804E+06  .6131E+06   .9999725  .0036592  .0064529
T  130 54 .1173295E+11   8240000E+01 -.2924E+06  .2327E+06   .9999272 -.0070859  .0097695
T  131 54 .1178495E+11   8240000E+01  .1441E+06  .2390E+06   .9999968  .0017301 -.0018194
T  132 54 .1177391E+11   8240000E+01  .6929E+04  .1250E+06   .9999842  .0008475  .0055659
T  133 54 .1182127E+11   8240000E+01  .5089E+05  .3721E+05   .9999910  .0042115  .0004530
T  134 54 .1173779E+11   8240000E+01 -.3405E+06  .5999E+05   .9999669 -.0081129  .0005334
T  135 54 .1174746E+11   8240000E+01 -.1506E+05  .7759E+05   .9999724 -.0018887  .0071860
T  136 54 .1185328E+11   8240000E+01  .5677E+05 -.7031E+05   .9999792  .0025074  .0059450
T  137 54 .1175726E+11   8240000E+01 -.3219E+04 -.1362E+05   .9999872 -.0016315 -.0047852
T  138 54 .1176292E+11   8240000E+01  .9855E+05  .1739E+06   .9999789 -.0028442  .0058436
T  139 54 .1179412E+11   8240000E+01 -.1695E+06  .2813E+06   .9999868 -.0039132  .0033426
T  140 54 .1179687E+11   8240000E+01 -.5564E+05 -.1104E+06   .9999988 -.0010097 -.0011823
T  141 54 .1170480E+11   8240000E+01  .1325E+06 -.2002E+06   .9999926 -.0008243 -.0037473
T  142 54 .1179944E+11   8240000E+01 -.1043E+06  .1998E+06   .9999456 -.0065804  .0080888
T  143 54 .1177759E+11   8240000E+01 -.1892E+05  .1289E+06   .9999718  .0074592  .0008922
T  144 54 .1171341E+11   8240000E+01  .4880E+05  .4405E+05   .9999846  .0047324 -.0029138
T  145 54 .1180543E+11   8240000E+01  .2068E+06  .5343E+05   .9999922  .0035876  .0016541
T  146 54 .1172605E+11   8240000E+01  .2568E+06  .4255E+05   .9999340  .0114553 -.0008335
T  147 54 .1172132E+11   8240000E+01 -.3472E+05 -.5814E+05   .9999928  .0027595 -.0026013
T  148 54 .1182104E+11   8240000E+01 -.2663E+06  .6731E+05   .9999440 -.0065721 -.0082968
T  149 54 .1183081E+11   8240000E+01 -.4889E+06 -.1441E+06   .9999494 -.0098165 -.0021824
T  150 54 .1176061E+11   8240000E+01 -.2047E+06  .1573E+05   .9999522 -.0097664  .0004757
T  151 54 .1176792E+11   8240000E+01  .3333E+06  .2002E+06   .9999771  .0061054  .0029023
T  152 54 .1177255E+11   8240000E+01 -.1443E+06  .1238E+06   .9999912 -.0040500  .0010767
T  153 54 .1174609E+11   8240000E+01 -.8384E+05  .9757E+04   .9999307 -.0049032 -.0107026
T  154 54 .1178987E+11   8240000E+01 -.2245E+05  .5049E+05   .9999982 -.0015110  .0011464
T  155 54 .1176776E+11   8240000E+01  .2496E+06  .8608E+04   .9999900  .0044357 -.0006247
T  156 54 .1184904E+11   8240000E+01 -.7517E+05  .5261E+05   .9999846 -.0049302  .0025390
T  157 54 .1178916E+11   8240000E+01  .1300E+06  .1980E+06   .9999925  .0031780  .0022210
T  158 54 .1177438E+11   8240000E+01 -.3111E+06  .4036E+06   .9998592 -.0072309  .0151420
T  159 54 .1179455E+11   8240000E+01  .1362E+06 -.8435E+05   .9999994  .0009878 -.0003591
T  160 54 .1175388E+11   8240000E+01  .2385E+06  .1700E+06   .9998567  .0124606  .0114632
T  161 54 .1175130E+11   8240000E+01 -.5214E+05  .5789E+05   .9999876 -.0035739  .0034586
T  162 54 .1175661E+11   8240000E+01 -.2580E+05  .5127E+05   .9999961  .0025497  .0011391
T  163 54 .1182342E+11   8240000E+01  .7643E+05  .1081E+06   .9999859  .0013709  .0051397
T  164 54 .1178613E+11   8240000E+01  .1853E+06  .1895E+06   .9999947  .0025567  .0020082
T  165 54 .1179461E+11   8240000E+01 -.1939E+06 -.8586E+05   .9999856 -.0025600 -.0047082
T  166 54 .1180549E+11   8240000E+01  .1900E+06 -.1732E+05   .9999887  .0047390 -.0003111
T  167 54 .1177999E+11   8240000E+01 -.9676E+05  .4399E+06   .9999455 -.0022858  .0101860
T  168 54 .1178093E+11   8240000E+01  .5239E+05  .1156E+06   .9999888  .0030383  .0036236
T  169 54 .1173509E+11   8240000E+01 -.1846E+06 -.6088E+05   .9999928 -.0035763 -.0012660
T  170 54 .1179870E+11   8240000E+01 -.1418E+06 -.6394E+05   .9999897 -.0044144 -.0010675
T  171 54 .1176125E+11   8240000E+01  .1053E+06  .1227E+06   .9999944  .0013815  .0030382
T  172 54 .1175748E+11   8240000E+01  .1576E+06 -.2889E+05   .9999956  .0010191 -.0027896
T  173 54 .1177189E+11   8240000E+01  .7936E+05 -.7975E+05   .9999992  .0011744 -.0003876
T  174 54 .1187343E+11   8240000E+01  .1449E+06  .1471E+05   .9999942  .0031684 -.0012514
T  175 54 .1176813E+11   8240000E+01  .1370E+06  .7823E+05   .9999887  .0037587  .0029041
T  176 54 .1181138E+11   8240000E+01 -.3491E+05  .1588E+06   .9999993  .0002069  .0011917
T  177 54 .1178151E+11   8240000E+01 -.1815E+06 -.1916E+06   .9999388 -.0057683 -.0094444
T  178 54 .1172207E+11   8240000E+01 -.1039E+06  .2419E+06   .9999988 -.0009894 -.0012191
T  179 54 .1183449E+11   8240000E+01  .2880E+06  .1109E+06   .9999849  .0038114  .0039629
T  180 54 .1181673E+11   8240000E+01 -.2572E+06  .4141E+04   .9999247 -.0115692  .0040902
T  181 54 .1175910E+11   8240000E+01  .2399E+06 -.1234E+06   .9999830  .0050130 -.0029816
T  182 54 .1184727E+11   8240000E+01 -.2874E+05 -.1159E+06   .9999986  .0014266 -.0008473
T  183 54 .1174723E+11   8240000E+01 -.2136E+06  .9395E+05   .9999950 -.0020817 -.0023950
T  184 54 .1178780E+11   8240000E+01 -.1511E+05 -.4530E+05   .9999934 -.0001560 -.0036338
T  185 54 .1172592E+11   8240000E+01 -.4324E+05  .9122E+05   .9999992 -.0011410 -.0005101
T  186 54 .1184835E+11   8240000E+01  .4195E+05 -.2902E+06   .9999779  .0018824 -.0063746
T  187 54 .1176912E+11   8240000E+01 -.2745E+06  .1989E+06   .9999420 -.0084662  .0066579
T  188 54 .1182985E+11   8240000E+01 -.2234E+06 -.2069E+06   .9999882 -.0043785 -.0021077
T  189 54 .1181528E+11   8240000E+01 -.2236E+06 -.1656E+06   .9999939 -.0018939 -.0029308
T  190 54 .1172249E+11   8240000E+01 -.1653E+05 -.8131E+05   .9999952  .0002038 -.0030868
T  191 54 .1181167E+11   8240000E+01  .2520E+06 -.6929E+05   .9999690  .0068031 -.0039640
T  192 54 .1181642E+11   8240000E+01 -.6582E+05  .1089E+06   .9999971 -.0023802 -.0004636
T  193 54 .1169185E+11   8240000E+01 -.3815E+05 -.1291E+06   .9999866  .0044181 -.0027069
T  194 54 .1184653E+11   8240000E+01  .1104E+06  .1769E+06   .9999955  .0014457  .0026308
T  195 54 .1172363E+11   8240000E+01 -.6467E+05 -.1947E+06   .9999876 -.0001350 -.0049778
T  196 54 .1180056E+11   8240000E+01 -.1514E+06 -.3019E+06   .9999432  .0016836 -.0105246
T  197 54 .1176674E+11   8240000E+01 -.2951E+06  .2788E+06   .9999551 -.0070374  .0063492
T  198 54 .1168473E+11   8240000E+01  .1491E+06  .3817E+06   .9999907  .0003107  .0043082
T  199 54 .1181558E+11   8240000E+01 -.4846E+05  .5099E+05   .9999753 -.0003055  .0070174
T  200 54 .1179743E+11   8240000E+01 -.5812E+05 -.1112E+06   .9999996  .0002941  .0008626
T  201 54 .1172564E+11   8240000E+01  .3859E+05  .2026E+06   .9999974  .0017605  .0014795
T  202 54 .1175324E+11   8240000E+01  .9810E+05  .1739E+05   .9999908  .0033386  .0026896
T  203 54 .1172604E+11   8240000E+01 -.7621E+05  .5768E+05   .9999991 -.0004624  .0012301
T  204 54 .1176066E+11   8240000E+01  .7314E+05  .2187E+05   .9999980  .0020113 -.0001105
T  205 54 .1180478E+11   8240000E+01  .7753E+05 -.5235E+05   .9999999 -.0003743  .0003229
T  206 54 .1185780E+11   8240000E+01  .9767E+05  .2969E+06   .9999773  .0028788  .0060854
T  207 54 .1172972E+11   8240000E+01  .2706E+06  .1009E+05   .9999692  .0058786  .0052059
T  208 54 .1186511E+11   8240000E+01  .1027E+05 -.3215E+05   .9999974 -.0015023  .0017255
T  209 54 .1177889E+11   8240000E+01 -.1001E+05  .3585E+05   .9999999 -.0000546  .0000263
T  210 54 .1181837E+11   8240000E+01  .1929E+06  .3726E+05   .9999981 -.0008222 -.0017402
T  211 54 .1174053E+11   8240000E+01  .2048E+06  .1504E+06   .9999859  .0045234  .0027983
T  212 54 .1185299E+11   8240000E+01 -.1492E+05 -.3318E+06   .9999755  .0028247 -.0064111
T  213 54 .1177891E+11   8240000E+01 -.1532E+06  .1470E+06   .9999684 -.0072819  .0031784
T  214 54 .1176444E+11   8240000E+01  .3379E+05  .1803E+06   .9999832 -.0002972  .0057911
T  215 54 .1181087E+11   8240000E+01  .1806E+06  .1117E+06   .9999687  .0014185  .0077877
T  216 54 .1173924E+11   8240000E+01  .5002E+06  .3379E+06   .9998694  .0122093  .0105904
T  217 54 .1175447E+11   8240000E+01 -.2433E+06  .2617E+06   .9999898 -.0001969  .0045205
T  218 54 .1179472E+11   8240000E+01 -.2299E+06 -.2468E+05   .9999797 -.0056615 -.0029374
T  219 54 .1166849E+11   8240000E+01 -.4891E+06  .1246E+06   .9996360 -.0259191  .0074914
T  220 54 .1173633E+11   8240000E+01  .8861E+05  .4580E+05   .9999973  .0013023  .0019232
T  221 54 .1183678E+11   8240000E+01  .3444E+05  .7589E+05   .9999927  .0024802  .0029237
T  222 54 .1182294E+11   8240000E+01 -.1273E+06 -.1855E+06   .9999954 -.0016566 -.0025253
T  223 54 .1180608E+11   8240000E+01  .7424E+05 -.2646E+06   .9999699 -.0009161 -.0077061
T  224 54 .1171033E+11   8240000E+01  .6359E+05  .3334E+04   .9999856  .0051737  .0014137
T  225 54 .1180463E+11   8240000E+01 -.2859E+05  .1319E+06   .9999902 -.0015440  .0041519
T  226 54 .1175894E+11   8240000E+01  .1563E+06 -.3219E+06   .9999642 -.0080092  .0027334
T  227 54 .1176619E+11   8240000E+01  .1835E+06 -.2515E+06   .9999841  .0034393 -.0044579
T  228 54 .1180691E+11   8240000E+01 -.3249E+05 -.2593E+05   .9999972 -.0021684 -.0009172
T  229 54 .1177318E+11   8240000E+01 -.2353E+06 -.4046E+05   .9999936 -.0023906 -.0026500
T  230 54 .1170363E+11   8240000E+01  .1087E+06 -.1249E+06   .9999983  .0015166 -.0010511
T  231 54 .1182942E+11   8240000E+01 -.2144E+06 -.1793E+05   .9999817 -.0058876  .0014155
T  232 54 .1182683E+11   8240000E+01 -.1053E+06 -.1324E+05   .9999955 -.0000666 -.0029936
T  233 54 .1184273E+11   8240000E+01 -.4554E+05 -.1632E+06   .9999769 -.0040427 -.0054585
T  234 54 .1177325E+11   8240000E+01  .2298E+06 -.1995E+04   .9999476  .0091474 -.0046025
T  235 54 .1175902E+11   8240000E+01  .1996E+06 -.9628E+05   .9999795  .0054559 -.0033511
T  236 54 .1178657E+11   8240000E+01 -.2040E+06  .6016E+05   .9999793 -.0051608  .0038497
T  237 54 .1174077E+11   8240000E+01  .7370E+04  .1641E+06   .9999579  .0014632  .0090564
T  238 54 .1180543E+11   8240000E+01 -.7370E+05  .1641E+06   .9999771 -.0027491  .0061792
T  239 54 .1164863E+11   8240000E+01  .1248E+06 -.2175E+06   .9999968  .0017088 -.0018438
T  240 54 .1187971E+11   8240000E+01  .2153E+06 -.1297E+06   .9999962  .0025415 -.0010884
T  241 54 .1180547E+11   8240000E+01 -.1167E+05  .1023E+06   .9999977 -.0015052 -.0015472
T  242 54 .1177936E+11   8240000E+01 -.8667E+05 -.2014E+06   .9999841 -.0032810 -.0045765
T  243 54 .1180797E+11   8240000E+01  .3128E+06 -.2144E+06   .9999585  .0072789 -.0054739
T  244 54 .1180358E+11   8240000E+01 -.4309E+06 -.4639E+05   .9999512 -.0098346 -.0009412
T  245 54 .1174788E+11   8240000E+01  .3637E+05 -.9989E+05   .9999853  .0031040 -.0044483
T  246 54 .1182062E+11   8240000E+01  .3303E+05 -.6182E+05   .9999944 -.0016430 -.0029090
T  247 54 .1182379E+11   8240000E+01 -.1013E+06  .2780E+06   .9999720 -.0016254  .0073006
T  248 54 .1174417E+11   8240000E+01 -.1726E+06 -.2413E+06   .9999681 -.0063669 -.0048275
T  249 54 .1177782E+11   8240000E+01 -.5916E+05  .8269E+04   .9999847  .0042203 -.0035852
T  250 54 .1181939E+11   8240000E+01 -.1551E+05 -.2287E+06   .9999912 -.0032449 -.0026763
T  251 54 .1180361E+11   8240000E+01  .5399E+06 -.1208E+06   .9998476  .0158760 -.0072570
T  252 54 .1182942E+11   8240000E+01  .6465E+05 -.2433E+06   .9999810 -.0028781 -.0054430
T  253 54 .1169722E+11   8240000E+01  .1613E+06 -.5352E+05   .9999750  .0067332 -.0021495
T  254 54 .1174464E+11   8240000E+01 -.1416E+06 -.1355E+06   .9999703 -.0039868 -.0065990
T  255 54 .1171920E+11   8240000E+01 -.1466E+06 -.1652E+06   .9999862 -.0052518  .0003178
T  256 54 .1174258E+11   8240000E+01 -.6997E+05 -.1646E+06   .9999906  .0024980 -.0035477
T  257 54 .1177998E+11   8240000E+01 -.3825E+05 -.1401E+06   .9999710  .0011314 -.0075303
T  258 54 .1187007E+11   8240000E+01 -.4067E+05  .1115E+05   .9999802  .0052115 -.0035222
T  259 54 .1168098E+11   8240000E+01  .2201E+05 -.4131E+06   .9999220  .0008906 -.0124579
T  260 54 .1179427E+11   8240000E+01 -.1168E+06  .1370E+06   .9999844 -.0034238  .0044033
T  261 54 .1180371E+11   8240000E+01  .1585E+06 -.2818E+05   .9999978  .0015956 -.0013670
T  262 54 .1180419E+11   8240000E+01  .2329E+05  .2036E+06   .9999987  .0009858  .0012491
T  263 54 .1181419E+11   8240000E+01  .2025E+06 -.1399E+05   .9999823  .0059551 -.0000654
T  264 54 .1179367E+11   8240000E+01 -.1806E+06  .6657E+05   .9999833  .0027045  .0051092
T  265 54 .1172606E+11   8240000E+01 -.3101E+06  .1600E+06   .9999425 -.0088781  .0060137
T  266 54 .1183105E+11   8240000E+01 -.3694E+05 -.2196E+05   .9999843  .0050463 -.0024350
T  267 54 .1182275E+11   8240000E+01  .1910E+06 -.9275E+04   .9999913  .0041605  .0001955
T  268 54 .1184155E+11   8240000E+01  .4283E+06 -.3576E+05   .9998910  .0140981 -.0043907
T  269 54 .1182737E+11   8240000E+01 -.8868E+05 -.2038E+06   .9999974 -.0002376 -.0022765
T  270 54 .1178933E+11   8240000E+01  .2167E+06 -.1332E+06   .9999920  .0037777 -.0013239
T  271 54 .1175075E+11   8240000E+01 -.9021E+05  .3609E+05   .9999979 -.0014766 -.0014353
T  272 54 .1176282E+11   8240000E+01  .2694E+06 -.2149E+06   .9999842  .0029067 -.0048078
T  273 54 .1185261E+11   8240000E+01 -.7268E+05 -.2492E+06   .9999912 -.0031155 -.0028146
T  274 54 .1177641E+11   8240000E+01 -.1341E+06  .1875E+04   .9999971 -.0015979  .0018051
T  275 54 .1177025E+11   8240000E+01 -.1241E+06 -.2810E+05   .9999981 -.0012047 -.0015072
T  276 54 .1176678E+11   8240000E+01  .1004E+06  .2612E+06   .9999740 -.0015332  .0070508
T  277 54 .1177973E+11   8240000E+01  .8615E+05  .7942E+05   .9999886  .0042551 -.0021554
T  278 54 .1184511E+11   8240000E+01  .6416E+05 -.1379E+06   .9999542  .0021891 -.0093145
T  279 54 .1176112E+11   8240000E+01  .1521E+06 -.7402E+05   .9999932  .0025756 -.0026570
T  280 54 .1187852E+11   8240000E+01  .7572E+05  .2181E+06   .9999665 -.0011444  .0081004
T  281 54 .1174198E+11   8240000E+01 -.1662E+06  .5766E+05   .9999816 -.0044921  .0040875
T  282 54 .1175939E+11   8240000E+01 -.1725E+06 -.7020E+05   .9999918 -.0039981 -.0005855
T  283 54 .1182323E+11   8240000E+01  .6278E+05 -.9729E+05   .9999963  .0025861  .0007838
T  284 54 .1179221E+11   8240000E+01 -.1786E+06 -.5381E+05   .9999925 -.0030828  .0023465
T  285 54 .1171250E+11   8240000E+01 -.8640E+05  .6507E+05   .9999860 -.0046783  .0024523
T  286 54 .1185928E+11   8240000E+01  .1020E+06  .7911E+05   .9999704  .0020748  .0074042
T  287 54 .1172608E+11   8240000E+01  .7969E+05  .2576E+06   .9999593  .0014107  .0089080
T  288 54 .1181863E+11   8240000E+01 -.7419E+05  .2273E+06   .9999862 -.0025555  .0045983
T  289 54 .1169312E+11   8240000E+01 -.2112E+06 -.1852E+06   .9999972 -.0023826 -.0000994
T  290 54 .1177980E+11   8240000E+01 -.8434E+05 -.1562E+06   .9999995 -.0007887 -.0006265
T  291 54 .1186876E+11   8240000E+01  .5150E+05  .1571E+06   .9999916  .0010949  .0039511
T  292 54 .1177053E+11   8240000E+01 -.3068E+05  .1015E+06   .9999854 -.0027088  .0046715
T  293 54 .1181651E+11   8240000E+01 -.1318E+06  .5368E+05   .9999976 -.0021656 -.0003342
T  294 54 .1182843E+11   8240000E+01 -.2110E+06  .1382E+06   .9999738 -.0036598 -.0062506
T  295 54 .1175595E+11   8240000E+01  .4775E+05 -.1916E+06   .9999960  .0006744  .0027334
T  296 54 .1176026E+11   8240000E+01  .1365E+06  .2745E+05   .9999792 -.0013294  .0063047
T  297 54 .1177413E+11   8240000E+01 -.2519E+05  .8898E+05   .9999931 -.0035954  .0009845
T  298 54 .1175758E+11   8240000E+01 -.1522E+06 -.9615E+03   .9999833 -.0054630 -.0018971
T  299 54 .1189182E+11   8240000E+01  .4149E+05  .3738E+04   .9999965 -.0026087  .0004821
T  300 54 .1171883E+11   8240000E+01  .5168E+05  .2047E+06   .9999905  .0017917  .0039723
T  301 54 .1177773E+11   8240000E+01  .2424E+05 -.1479E+06   .9999976 -.0003152 -.0021897
T  302 54 .1170367E+11   8240000E+01 -.4549E+05 -.3305E+05   .9999843 -.0049901 -.0025608
T  303 54 .1184048E+11   8240000E+01 -.9750E+05  .1111E+06   .9999945 -.0020901  .0025815
T  304 54 .1177417E+11   8240000E+01 -.5129E+05  .9543E+05   .9999971  .0002243  .0023825
T  305 54 .1185891E+11   8240000E+01 -.6214E+05  .2813E+06   .9999600 -.0020063  .0087137
T  306 54 .1180806E+11   8240000E+01  .8758E+05 -.1771E+06   .9999841  .0011246 -.0055170
T  307 54 .1172761E+11   8240000E+01  .5795E+05 -.3013E+05   .9999991  .0010799 -.0008424
T  308 54 .1178307E+11   8240000E+01  .5010E+06  .3045E+05   .9999915  .0040802 -.0006058
T  309 54 .1179756E+11   8240000E+01 -.2903E+06  .4016E+06   .9999381 -.0090564  .0064652
T  310 54 .1177791E+11   8240000E+01 -.7547E+05  .2228E+06   .9999749 -.0053366  .0046576
T  311 54 .1182176E+11   8240000E+01  .4754E+05  .9951E+05   .9999982 -.0011249  .0015173
T  312 54 .1176570E+11   8240000E+01 -.2962E+05 -.9383E+05   .9999892 -.0005224 -.0046261
T  313 54 .1178190E+11   8240000E+01  .4611E+05 -.5418E+04   .9999968  .0011149  .0022812
T  314 54 .1173404E+11   8240000E+01  .4612E+05  .7204E+05   .9999956 -.0026923  .0012120
T  315 54 .1177719E+11   8240000E+01 -.5379E+05  .2689E+04   .9999593 -.0077869  .0045669
T  316 54 .1178389E+11   8240000E+01  .3080E+06 -.1618E+05   .9998243  .0178803  .0056348
T  317 54 .1180533E+11   8240000E+01  .8986E+05  .1146E+06   .9999857 -.0040821 -.0034522
T  318 54 .1180399E+11   8240000E+01 -.5207E+05  .3978E+05   .9999923 -.0039153 -.0003106
T  319 54 .1180206E+11   8240000E+01 -.6489E+05 -.8916E+05   .9999682 -.0079587 -.0004060
T  320 54 .1183599E+11   8240000E+01 -.2246E+06  .3735E+05   .9999763 -.0047536  .0049886
T  321 54 .1173671E+11   8240000E+01 -.3745E+06  .9183E+05   .9998033 -.0180567  .0082067
T  322 54 .1177163E+11   8240000E+01 -.1217E+06  .2326E+06   .9999591 -.0062633  .0065172
T  323 54 .1179956E+11   8240000E+01  .1808E+06  .1289E+06   .9999748  .0018321  .0068608
T  324 54 .1177272E+11   8240000E+01 -.2508E+05  .1020E+06   .9999826 -.0023913  .0053877
T  325 54 .1186547E+11   8240000E+01 -.3442E+05  .6323E+05   .9999681 -.0005370  .0079656
T  326 54 .1176205E+11   8240000E+01 -.1342E+06  .1890E+06   .9999936 -.0020832  .0028957
T  327 54 .1168645E+11   8240000E+01 -.6301E+05  .3411E+05   .9999988  .0015226  .0000142
T  328 54 .1183433E+11   8240000E+01 -.5951E+05 -.2014E+06   .9999816  .0009385 -.0059976
T  329 54 .1183349E+11   8240000E+01  .1303E+06 -.1320E+06   .9999996  .0003218 -.0007965
T  330 54 .1178048E+11   8240000E+01 -.4457E+05 -.1651E+06   .9999992 -.0002930 -.0012086
T  331 54 .1180487E+11   8240000E+01  .1895E+06 -.1925E+06   .9999647  .0063592 -.0054844
T  332 54 .1177058E+11   8240000E+01 -.9486E+05 -.4845E+05   .9999989  .0012024 -.0008971
T  333 54 .1178860E+11   8240000E+01  .1569E+06  .1469E+06   .9999859  .0008172  .0052438
T  334 54 .1181771E+11   8240000E+01  .2068E+06  .1319E+06   .9999852  .0018398  .0051115
T  335 54 .1175770E+11   8240000E+01 -.2335E+06  .1753E+06   .9999797 -.0049824  .0039621
T  336 54 .1181314E+11   8240000E+01  .2282E+05 -.5817E+05   .9999901  .0014974  .0041953
T  337 54 .1178274E+11   8240000E+01 -.2348E+06 -.3505E+05   .9999720 -.0074336 -.0008361
T  338 54 .1177986E+11   8240000E+01  .1665E+06  .4572E+04   .9999811  .0056574 -.0024110
T  339 54 .1177743E+11   8240000E+01 -.2803E+06  .2058E+06   .9999933 -.0012098 -.0034563
T  340 54 .1182151E+11   8240000E+01  .9571E+05 -.9893E+05   .9999958  .0028930 -.0001847
T  341 54 .1185497E+11   8240000E+01 -.2039E+06  .9511E+05   .9999958 -.0022454  .0018404
T  342 54 .1179908E+11   8240000E+01  .1907E+06 -.4735E+05   .9999907  .0029790 -.0031193
T  343 54 .1177346E+11   8240000E+01  .9090E+05 -.5884E+05   .9999905 -.0043276 -.0004992
T  344 54 .1174762E+11   8240000E+01 -.1415E+06  .2227E+05   .9999647 -.0079382 -.0027543
T  345 54 .1179841E+11   8240000E+01 -.8123E+05  .3032E+06   .9999647 -.0045504  .0070570
T  346 54 .1176779E+11   8240000E+01  .9192E+05  .1496E+04   .9999904  .0041845 -.0012657
T  347 54 .1178573E+11   8240000E+01 -.1046E+06  .1706E+06   .9999626 -.0034563  .0079260
T  348 54 .1181759E+11   8240000E+01  .1308E+06 -.2613E+06   .9999860  .0014448 -.0050891
T  349 54 .1176440E+11   8240000E+01  .1427E+05 -.1710E+06   .9999917 -.0013718 -.0038292
T  350 54 .1178627E+11   8240000E+01 -.2079E+06 -.5087E+05   .9999697 -.0068172 -.0037480
T  351 54 .1178028E+11   8240000E+01 -.1350E+06 -.2149E+05   .9999872 -.0026667  .0042904
T  352 54 .1181314E+11   8240000E+01  .4094E+05 -.1132E+06   .9999961 -.0023822 -.0014365
T  353 54 .1182740E+11   8240000E+01  .2383E+06  .3879E+05   .9999752  .0070373 -.0001366
T  354 54 .1167157E+11   8240000E+01  .1167E+06 -.1050E+06   .9999605  .0074048 -.0049120
T  355 54 .1175294E+11   8240000E+01 -.6115E+03  .4876E+05   .9999756 -.0063927 -.0028081
T  356 54 .1182020E+11   8240000E+01  .1566E+05  .6077E+04   .9999780 -.0066217  .0003604
T  357 54 .1182197E+11   8240000E+01  .3177E+05 -.3423E+06   .9999732 -.0010159 -.0072448
T  358 54 .1182412E+11   8240000E+01 -.5457E+05 -.9789E+04   .9999986 -.0002198  .0016579
T  359 54 .1177935E+11   8240000E+01 -.2280E+06 -.3524E+06   .9999219  .0016288 -.0123938
T  360 54 .1174312E+11   8240000E+01  .1136E+06  .9979E+05   .9999939  .0022237  .0026970
T  361 54 .1175614E+11   8240000E+01  .1546E+06  .5023E+05   .9999850  .0053264 -.0012464
T  362 54 .1176059E+11   8240000E+01 -.1741E+06  .2603E+05   .9999917 -.0040174  .0007217
T  363 54 .1185967E+11   8240000E+01  .1358E+06 -.1831E+06   .9999956 -.0013122 -.0026636
T  364 54 .1177809E+11   8240000E+01 -.9645E+05  .1093E+06   .9999963  .0021586  .0016780
T  365 54 .1185063E+11   8240000E+01 -.5345E+06 -.1272E+06   .9998925 -.0124894 -.0076835
T  366 54 .1177809E+11   8240000E+01  .4678E+05 -.3321E+06   .9999602  .0018119 -.0087381
T  367 54 .1185187E+11   8240000E+01  .2069E+06 -.1087E+05   .9999913  .0031515 -.0027404
T  368 54 .1171253E+11   8240000E+01 -.9531E+05 -.5057E+06   .9999603 -.0006975 -.0088846
T  369 54 .1175363E+11   8240000E+01 -.2203E+06 -.1198E+05   .9999597 -.0086190 -.0025220
T  370 54 .1171573E+11   8240000E+01  .2463E+06 -.1716E+06   .9999791  .0041622 -.0049439
T  371 54 .1180404E+11   8240000E+01  .2378E+06 -.7125E+05   .9999907 -.0007854 -.0042391
T  372 54 .1180112E+11   8240000E+01 -.3461E+05  .3328E+05   .9999890 -.0044412 -.0015232
T  373 54 .1177732E+11   8240000E+01  .1059E+06  .6825E+05   .9999824  .0058433 -.0010143
T  374 54 .1179507E+11   8240000E+01  .3878E+05  .2155E+06   .9999999 -.0000299  .0005137
T  375 54 .1177840E+11   8240000E+01  .3403E+06  .2156E+06   .9999790  .0016607  .0062686
T  376 54 .1171050E+11   8240000E+01  .1796E+06  .1388E+05   .9999953 -.0030431 -.0003560
T  377 54 .1176563E+11   8240000E+01  .3147E+06  .1886E+06   .9999793  .0049865  .0040627
T  378 54 .1180575E+11   8240000E+01 -.9081E+05  .2678E+05   .9999955 -.0023662 -.0018560
T  379 54 .1178775E+11   8240000E+01 -.5797E+05 -.4919E+05   .9999948 -.0010133  .0030530
T  380 54 .1179441E+11   8240000E+01  .1353E+06 -.1129E+06   .9999865  .0050417  .0012198
T  381 54 .1177761E+11   8240000E+01  .1805E+06 -.4563E+05   .9999831  .0056680 -.0013140
T  382 54 .1182052E+11   8240000E+01  .1308E+06  .1207E+06   .9999973  .0013733  .0018844
T  383 54 .1178703E+11   8240000E+01  .8005E+05  .1582E+06   .9999949  .0016513  .0027514
T  384 54 .1176699E+11   8240000E+01  .2059E+05 -.1216E+06   .9999801  .0037206 -.0050917
T  385 54 .1183875E+11   8240000E+01 -.2654E+06 -.3778E+05   .9999923 -.0035938 -.0015707
T  386 54 .1175603E+11   8240000E+01  .9123E+05  .3619E+06   .9999635  .0016265  .0083929
T  387 54 .1179088E+11   8240000E+01 -.4103E+05  .1654E+06   .9999869 -.0050334  .0009623
T  388 54 .1171728E+11   8240000E+01 -.1962E+06  .3471E+06   .9999540 -.0038400  .0087851
T  389 54 .1178814E+11   8240000E+01  .1224E+06  .1432E+06   .9999529  .0093346  .0026754
T  390 54 .1174317E+11   8240000E+01  .3304E+06  .3976E+05   .9999532  .0093397 -.0025098
T  391 54 .1180986E+11   8240000E+01  .1831E+06 -.1087E+06   .9999878  .0033741 -.0036181
T  392 54 .1171272E+11   8240000E+01  .8844E+05 -.2376E+05   .9999975 -.0003704  .0022044
T  393 54 .1181409E+11   8240000E+01 -.2509E+06  .9707E+05   .9999916 -.0034832  .0021832
T  394 54 .1169542E+11   8240000E+01 -.7276E+05 -.1482E+06   .9999893  .0039707 -.0023770
T  395 54 .1177465E+11   8240000E+01 -.8214E+05  .3314E+05   .9999959  .0008115  .0027287
T  396 54 .1174108E+11   8240000E+01 -.6353E+05 -.8721E+05   .9999560  .0017134 -.0092239
T  397 54 .1179451E+11   8240000E+01 -.4519E+05  .1687E+06   .9999645 -.0058954  .0060254
T  398 54 .1180976E+11   8240000E+01 -.1534E+06  .2322E+06   .9999699 -.0041739  .0065440
T  399 54 .1172118E+11   8240000E+01  .1247E+06  .2016E+06   .9999881  .0044331  .0020541
T  400 54 .1176631E+11   8240000E+01 -.1619E+06  .2118E+06   .9999663 -.0031700  .0075792
T  401 54 .1176471E+11   8240000E+01 -.3918E+05  .1139E+06   .9999948 -.0031710  .0005572
T  402 54 .1177068E+11   8240000E+01 -.1589E+06  .6801E+05   .9999676 -.0066146 -.0045809
T  403 54 .1178434E+11   8240000E+01  .1495E+06 -.7763E+05   .9999702  .0076769 -.0007575
T  404 54 .1177344E+11   8240000E+01  .1348E+06  .7165E+05   .9999918 -.0038047 -.0013704
T  405 54 .1175169E+11   8240000E+01 -.1494E+06  .1594E+06   .9999829 -.0006572  .0058194
T  406 54 .1183502E+11   8240000E+01  .3374E+06  .4069E+05   .9999837  .0024734  .0051498
T  407 54 .1173244E+11   8240000E+01  .1729E+06  .1143E+06   .9999892  .0046036  .0005580
T  408 54 .1181674E+11   8240000E+01 -.1329E+06  .3005E+06   .9999694 -.0061500  .0048342
T  409 54 .1184825E+11   8240000E+01 -.7733E+05 -.1758E+06   .9999906 -.0039452 -.0018120
T  410 54 .1180081E+11   8240000E+01  .1218E+06  .9284E+05   .9999912  .0020747  .0036467
T  411 54 .1184612E+11   8240000E+01 -.3329E+05  .8145E+05   .9999983 -.0014560  .0011658
T  412 54 .1182216E+11   8240000E+01  .1316E+06  .4100E+06   .9999158  .0091736  .0091754
T  413 54 .1177858E+11   8240000E+01  .1950E+06 -.3339E+04   .9999644  .0081053 -.0023543
T  414 54 .1177110E+11   8240000E+01 -.3409E+05  .3399E+06   .9999973  .0019182  .0013159
T  415 54 .1177875E+11   8240000E+01  .1569E+06  .1088E+06   .9999978  .0018737  .0008993
T  416 54 .1179251E+11   8240000E+01 -.1859E+06 -.3908E+06   .9999231 -.0061988 -.0107412
T  417 54 .1173910E+11   8240000E+01  .2456E+05 -.1477E+06   .9999836  .0049619 -.0028637
T  418 54 .1176539E+11   8240000E+01 -.1577E+06  .2448E+06   .9999442 -.0007304  .0105371
T  419 54 .1178368E+11   8240000E+01 -.1272E+06  .1645E+06   .9999850 -.0051720  .0018269
T  420 54 .1173669E+11   8240000E+01 -.6566E+05 -.1942E+06   .9999886 -.0025003 -.0040620
T  421 54 .1178613E+11   8240000E+01 -.7199E+04 -.1818E+06   .9999765 -.0000156 -.0068485
T  422 54 .1177641E+11   8240000E+01  .2359E+05 -.2641E+06   .9999686 -.0044590 -.0065537
T  423 54 .1178324E+11   8240000E+01  .3097E+06  .4311E+05   .9999607  .0087055  .0016712
T  424 54 .1181344E+11   8240000E+01  .1025E+06  .8049E+05   .9999992  .0012291 -.0001936
T  425 54 .1188139E+11   8240000E+01 -.1606E+06  .2629E+05   .9999819 -.0033659  .0049951
T  426 54 .1174929E+11   8240000E+01  .4532E+05 -.8249E+05   .9999880 -.0014456 -.0046896
T  427 54 .1183546E+11   8240000E+01 -.8835E+05 -.5878E+05   .9999457 -.0103112 -.0014798
T  428 54 .1180940E+11   8240000E+01 -.8961E+05 -.6058E+05   .9999968  .0015142  .0020107
T  429 54 .1171093E+11   8240000E+01 -.1105E+06 -.1987E+06   .9999646 -.0052829 -.0065527
T  430 54 .1176872E+11   8240000E+01 -.2291E+06  .8306E+05   .9999884 -.0046520  .0012617
T  431 54 .1178020E+11   8240000E+01  .1476E+06  .1819E+06   .9999829  .0056534  .0015193
T  432 54 .1173232E+11   8240000E+01 -.2081E+04 -.1108E+06   .9999939 -.0000141 -.0034794
T  433 54 .1175729E+11   8240000E+01  .1731E+06  .6661E+05   .9999970  .0024324 -.0000670
T  434 54 .1177147E+11   8240000E+01  .5437E+05 -.5206E+05   .9999956  .0003898 -.0029398
T  435 54 .1177995E+11   8240000E+01  .1400E+06 -.1635E+06   .9999732  .0064552 -.0034598
T  436 54 .1181219E+11   8240000E+01 -.8265E+05  .1617E+06   .9999814 -.0014547  .0059290
T  437 54 .1171479E+11   8240000E+01  .8889E+05 -.2488E+06   .9999841  .0056277 -.0004084
T  438 54 .1179059E+11   8240000E+01 -.8926E+05 -.1955E+06   .9999626 -.0015403 -.0085143
T  439 54 .1182812E+11   8240000E+01 -.2185E+06 -.2692E+06   .9999981 -.0015290 -.0012450
T  440 54 .1185151E+11   8240000E+01  .1266E+06 -.9821E+05   .9999899  .0042989 -.0013389
T  441 54 .1176570E+11   8240000E+01 -.6413E+05  .1395E+06   .9999936  .0007592  .0034849
T  442 54 .1176225E+11   8240000E+01 -.1700E+06 -.1898E+06   .9999927 -.0018357 -.0033511
T  443 54 .1174943E+11   8240000E+01 -.2548E+06 -.7971E+04   .9999740 -.0072104  .0001104
T  444 54 .1185708E+11   8240000E+01  .1111E+07 -.3235E+06   .9996024  .0262764 -.0102226
T  445 54 .1180079E+11   8240000E+01  .1248E+03 -.1499E+06   .9999666  .0064717 -.0049942
T  446 54 .1185465E+11   8240000E+01 -.1899E+06 -.4648E+05   .9999870 -.0047842  .0017727
T  447 54 .1172630E+11   8240000E+01  .7116E+05 -.8164E+05   .9999904 -.0002488 -.0043725
T  448 54 .1178335E+11   8240000E+01  .1818E+06 -.1563E+06   .9999756  .0064706 -.0026270
T  449 54 .1182303E+11   8240000E+01  .4136E+05  .1314E+06   .9999952  .0007959  .0029917
T  450 54 .1175464E+11   8240000E+01 -.9012E+05 -.1138E+06   .9999869 -.0020928 -.0046747
T  451 54 .1184712E+11   8240000E+01 -.2022E+06  .3593E+05   .9999769 -.0066930 -.0011690
T  452 54 .1173613E+11   8240000E+01  .5481E+05  .1101E+06   .9999864  .0040836 -.0032543
T  453 54 .1182221E+11   8240000E+01 -.7360E+06 -.2732E+05   .9999710 -.0075663 -.0008570
T  454 54 .1183521E+11   8240000E+01  .1337E+05 -.2277E+06   .9999711 -.0009216 -.0075476
T  455 54 .1184609E+11   8240000E+01  .3355E+06 -.1158E+06   .9999498  .0099098 -.0014957
T  456 54 .1183508E+11   8240000E+01 -.2595E+04 -.3346E+05   .9999968 -.0023505 -.0009698
T  457 54 .1180566E+11   8240000E+01 -.2636E+06  .1682E+06   .9999816 -.0058109  .0017248
T  458 54 .1178473E+11   8240000E+01 -.4281E+06  .5993E+05   .9999406 -.0108892  .0005035
T  459 54 .1184408E+11   8240000E+01  .2719E+06 -.1341E+06   .9999648  .0078947 -.0028293
T  460 54 .1181218E+11   8240000E+01  .7787E+05  .5478E+04   .9999979  .0018977  .0007779
T  461 54 .1181110E+11   8240000E+01  .4330E+05 -.2241E+06   .9999805  .0053518 -.0032271
T  462 54 .1177874E+11   8240000E+01 -.5639E+05  .1328E+06   .9999980  .0003391  .0019515
T  463 54 .1177900E+11   8240000E+01  .3255E+06  .1536E+06   .9999945  .0032307 -.0007497
T  464 54 .1177755E+11   8240000E+01  .9294E+05 -.3296E+06   .9999860 -.0013026 -.0051358
T  465 54 .1172464E+11   8240000E+01  .2436E+05  .2138E+06   .9999494  .0016714  .0099180
T  466 54 .1183373E+11   8240000E+01 -.1915E+06  .1144E+06   .9999482 -.0084438  .0056913
T  467 54 .1176174E+11   8240000E+01 -.7732E+05  .1607E+06   .9999829 -.0030773  .0049659
T  468 54 .1179410E+11   8240000E+01 -.1335E+06 -.2169E+06   .9999595 -.0074279 -.0050825
T  469 54 .1185429E+11   8240000E+01 -.5451E+05  .3226E+05   .9999968 -.0000328 -.0025143
T  470 54 .1168646E+11   8240000E+01  .5946E+05  .1110E+06   .9999916  .0040458 -.0006070
T  471 54 .1181891E+11   8240000E+01  .1340E+06 -.1915E+06   .9999944  .0030961 -.0012913
T  472 54 .1179006E+11   8240000E+01  .1308E+06 -.7448E+05   .9999938  .0030188 -.0017885
T  473 54 .1181104E+11   8240000E+01  .1467E+05 -.4431E+05   .9999982  .0007302 -.0017402
T  474 54 .1174793E+11   8240000E+01  .7234E+05  .3565E+06   .9999945  .0012888  .0030432
T  475 54 .1181200E+11   8240000E+01  .5250E+05 -.9097E+05   .9999950 -.0005511 -.0031292
T  476 54 .1180380E+11   8240000E+01 -.1655E+06  .1113E+06   .9999999  .0003905 -.0000964
T  477 54 .1186262E+11   8240000E+01 -.1005E+06  .3939E+04   .9999964 -.0025926  .0007564
T  478 54 .1181759E+11   8240000E+01 -.4172E+05 -.3374E+04   .9999958  .0028869 -.0003727
T  479 54 .1179454E+11   8240000E+01 -.4514E+06  .1064E+06   .9999285 -.0042940  .0111649
T  480 54 .1180714E+11   8240000E+01  .1987E+06 -.9499E+04   .9999694  .0077758  .0008358
T  481 54 .1171978E+11   8240000E+01  .1340E+06 -.1333E+06   .9999163  .0056090 -.0116575
T  482 54 .1178245E+11   8240000E+01  .1006E+06  .7366E+05   .9999980  .0014554  .0013649
T  483 54 .1179269E+11   8240000E+01  .6931E+04 -.1304E+06   .9999860 -.0015416 -.0050584
T  484 54 .1174236E+11   8240000E+01  .2603E+06 -.5586E+05   .9999775  .0059808 -.0030405
T  485 54 .1175271E+11   8240000E+01 -.1176E+05 -.6151E+05   .9999912  .0041690  .0004021
T  486 54 .1177111E+11   8240000E+01 -.1220E+06 -.9139E+05   .9999955 -.0019755  .0022410
T  487 54 .1183927E+11   8240000E+01  .8553E+05  .3278E+06   .9999737  .0033089  .0064504
T  488 54 .1179181E+11   8240000E+01  .1717E+06  .1228E+06   .9999718 -.0016951  .0073109
T  489 54 .1182033E+11   8240000E+01  .1042E+06  .2552E+05   .9999852  .0054393  .0001098
T  490 54 .1179377E+11   8240000E+01 -.3431E+06 -.1111E+06   .9999905 -.0031904  .0029573
T  491 54 .1178873E+11   8240000E+01  .9670E+04 -.1098E+05   .9999966  .0022404 -.0013030
T  492 54 .1184067E+11   8240000E+01 -.1136E+06 -.2207E+06   .9999745 -.0045303 -.0055149
T  493 54 .1174349E+11   8240000E+01  .1245E+06 -.1558E+06   .9999687  .0055079 -.0056777
T  494 54 .1177538E+11   8240000E+01  .4028E+06  .2102E+06   .9999500  .0076125  .0064899
T  495 54 .1180025E+11   8240000E+01  .1981E+06  .1439E+05   .9999960  .0024948 -.0013606
T  496 54 .1177931E+11   8240000E+01 -.1501E+06  .1437E+06   .9999927 -.0027532  .0026409
T  497 54 .1178759E+11   8240000E+01 -.2454E+06 -.4371E+05   .9999796 -.0048170 -.0041924
T  498 54 .1180117E+11   8240000E+01  .1554E+06 -.5467E+05   .9999863  .0046795 -.0023526
T  499 54 .1173862E+11   8240000E+01 -.8172E+05  .5822E+05   .9999498 -.0093841  .0035145
T  500 54 .1184101E+11   8240000E+01 -.2174E+06  .1353E+06   .9999583 -.0051369  .0075569
T  501 54 .1170823E+11   8240000E+01  .4002E+05 -.1987E+06   .9999897  .0001621 -.0045350
T  502 54 .1179672E+11   8240000E+01  .3193E+05 -.5072E+05   .9999921 -.0039598 -.0002605
T  503 54 .1179427E+11   8240000E+01  .1827E+06  .1694E+06   .9999951  .0002213  .0031106
T  504 54 .1179955E+11   8240000E+01  .5281E+05  .1830E+06   .9999971  .0023890 -.0002488
T  505 54 .1185540E+11   8240000E+01  .1968E+06 -.2029E+06   .9999734  .0037603 -.0062472
T  506 54 .1180983E+11   8240000E+01 -.9076E+05  .2550E+06   .9999714 -.0016785  .0073805
T  507 54 .1181519E+11   8240000E+01 -.1086E+06 -.6076E+05   .9999880 -.0048519 -.0006631
T  508 54 .1186811E+11   8240000E+01  .2202E+06  .1480E+06   .9999525  .0022222  .0094857
T  509 54 .1181381E+11   8240000E+01 -.1263E+06  .2000E+04   .9999863 -.0045679 -.0025430
T  510 54 .1170190E+11   8240000E+01 -.2652E+06  .7186E+05   .9999651 -.0080528  .0022179
T  511 54 .1173382E+11   8240000E+01  .1779E+06  .7486E+05   .9999788  .0035871 -.0054336
T  512 54 .1172674E+11   8240000E+01  .1400E+06  .4214E+06   .9999481  .0003748  .0101801
T  513 54 .1178343E+11   8240000E+01 -.3601E+05 -.2985E+05   .9999999  .0003850 -.0002269
T  514 54 .1180921E+11   8240000E+01 -.1032E+06 -.6190E+05   .9999948 -.0031999  .0004453
T  515 54 .1171834E+11   8240000E+01  .5921E+05 -.9017E+05   .9999928  .0015020 -.0034930
T  516 54 .1172421E+11   8240000E+01 -.8806E+05 -.2907E+06   .9999409  .0002368  .0108726
T  517 54 .1172320E+11   8240000E+01  .5862E+03 -.2040E+06   .9999271 -.0018331 -.0119313
T  518 54 .1169159E+11   8240000E+01  .1940E+06  .7707E+05   .9999969  .0009331 -.0023239
T  519 54 .1178474E+11   8240000E+01 -.2629E+06 -.6020E+05   .9999733 -.0072772  .0006185
T  520 54 .1184587E+11   8240000E+01 -.4723E+05  .1173E+06   .9999986  .0016238  .0003087
T  521 54 .1171505E+11   8240000E+01  .2040E+06 -.6172E+05   .9999998  .0002780 -.0005923
T  522 54 .1184753E+11   8240000E+01 -.1106E+06 -.3576E+05   .9999879 -.0024500 -.0042724
T  523 54 .1173331E+11   8240000E+01 -.2296E+06  .2042E+06   .9999901 -.0040508  .0018627
T  524 54 .1182480E+11   8240000E+01  .3173E+05  .5439E+05   .9999915 -.0041165  .0000123
T  525 54 .1176561E+11   8240000E+01 -.5031E+05  .1056E+06   .9999970 -.0014582  .0019736
T  526 54 .1175634E+11   8240000E+01  .6144E+05  .6547E+05   .9999840  .0012159  .0055184
T  527 54 .1173003E+11   8240000E+01 -.8189E+05 -.4773E+04   .9999874 -.0041271 -.0028737
T  528 54 .1173818E+11   8240000E+01  .2171E+06 -.2034E+05   .9999507  .0098351 -.0013795
T  529 54 .1181181E+11   8240000E+01  .4262E+06  .9591E+05   .9998828  .0151089  .0024847
T  530 54 .1177650E+11   8240000E+01  .7541E+05  .3223E+06   .9999849  .0022908  .0049891
T  531 54 .1178359E+11   8240000E+01  .6680E+05  .1002E+06   .9999960 -.0027456  .0006684
T  532 54 .1178091E+11   8240000E+01 -.1727E+06  .9366E+05   .9999809 -.0043258 -.0044217
T  533 54 .1180798E+11   8240000E+01 -.8741E+03 -.1536E+06   .9999990  .0013815 -.0004302
T  534 54 .1189523E+11   8240000E+01 -.1980E+05 -.2203E+06   .9999995  .0005123  .0009059
T  535 54 .1176190E+11   8240000E+01 -.3054E+05 -.1274E+06   .9999859  .0043297 -.0030852
T  536 54 .1177221E+11   8240000E+01  .9124E+05 -.1031E+05   .9999981 -.0016502  .0010337
T  537 54 .1184726E+11   8240000E+01  .1646E+06 -.2255E+05   .9999877  .0045301 -.0020400
T  538 54 .1177963E+11   8240000E+01  .6192E+05  .1536E+06   .9999985 -.0002010  .0017424
T  539 54 .1178638E+11   8240000E+01 -.3884E+05 -.1737E+06   .9999931  .0014605 -.0034300
T  540 54 .1188669E+11   8240000E+01  .9139E+04  .2383E+06   .9999926 -.0001850  .0038392
T  541 54 .1180658E+11   8240000E+01 -.1672E+06 -.3166E+06   .9999996 -.0002095  .0008429
T  542 54 .1178472E+11   8240000E+01  .3560E+05 -.2332E+06   .9999776  .0010832 -.0066078
T  543 54 .1175133E+11   8240000E+01 -.1171E+06 -.4163E+05   .9999998  .0006132  .0001015
T  544 54 .1182516E+11   8240000E+01  .1824E+06  .1264E+06   .9999546  .0091355  .0027253
T  545 54 .1173332E+11   8240000E+01  .3047E+06  .4576E+05   .9999945  .0032530  .0006014
T  546 54 .1176089E+11   8240000E+01 -.5866E+05 -.1582E+06   .9999927 -.0021959 -.0031406
T  547 54 .1182271E+11   8240000E+01 -.1580E+05  .2048E+06   .9999739  .0061159  .0038474
T  548 54 .1178681E+11   8240000E+01 -.4135E+05  .3686E+06   .9999799  .0024818  .0058393
T  549 54 .1183608E+11   8240000E+01 -.1779E+05  .7174E+05   .9999951 -.0003987  .0030937
T  550 54 .1183017E+11   8240000E+01  .9755E+05  .5912E+04   .9999936  .0020626 -.0029127
T  551 54 .1175850E+11   8240000E+01 -.4812E+05  .9794E+05   .9999982 -.0003978 -.0018451
T  552 54 .1178900E+11   8240000E+01  .1363E+06 -.3906E+04   .9999989  .0014363 -.0004104
T  553 54 .1175506E+11   8240000E+01  .8047E+05  .1096E+05   .9999891  .0045099  .0012466
T  554 54 .1179135E+11   8240000E+01  .4822E+05 -.1294E+06   .9999648  .0013333 -.0082790
T  555 54 .1179906E+11   8240000E+01 -.9607E+05 -.5847E+05   .9999720 -.0074474 -.0007214
T  556 54 .1176293E+11   8240000E+01  .8076E+05  .7753E+05   .9999957 -.0029187  .0000773
T  557 54 .1173276E+11   8240000E+01  .1827E+06  .1941E+05   .9999986  .0016012 -.0004771
T  558 54 .1187287E+11   8240000E+01  .8970E+05 -.1828E+06   .9999932  .0032033 -.0018198
T  559 54 .1181007E+11   8240000E+01 -.1380E+06 -.2090E+06   .9999823 -.0059102  .0006552
T  560 54 .1182275E+11   8240000E+01 -.7345E+05 -.2625E+06   .9999941 -.0027207 -.0020887
T  561 54 .1167588E+11   8240000E+01  .2544E+06  .3221E+06   .9999535  .0041358  .0087147
T  562 54 .1177774E+11   8240000E+01 -.8944E+05 -.2121E+05   .9999964 -.0004053  .0026558
T  563 54 .1187478E+11   8240000E+01  .8646E+05  .8925E+05   .9999902  .0041733 -.0014690
T  564 54 .1177702E+11   8240000E+01  .1391E+06  .6669E+05   .9999902  .0043990  .0003881
T  565 54 .1175582E+11   8240000E+01  .1555E+06  .1077E+06   .9999975 -.0003261  .0022126
T  566 54 .1185237E+11   8240000E+01  .2684E+06 -.1180E+06   .9999660  .0065486 -.0050058
T  567 54 .1183026E+11   8240000E+01 -.8509E+05 -.2144E+06   .9998917 -.0043461 -.0140578
T  568 54 .1181401E+11   8240000E+01 -.1846E+06 -.2658E+05   .9999760 -.0063522 -.0027625
T  569 54 .1176774E+11   8240000E+01 -.3060E+05  .1113E+06   .9999966  .0009243  .0024211
T  570 54 .1180225E+11   8240000E+01 -.1139E+06  .1135E+06   .9999974 -.0002489 -.0022776
T  571 54 .1175235E+11   8240000E+01  .9230E+05  .9227E+05   .9999974  .0015827 -.0016557
T  572 54 .1173815E+11   8240000E+01  .9384E+05  .1051E+06   .9999948  .0030258  .0011420
T  573 54 .1176772E+11   8240000E+01 -.5602E+05 -.4825E+05   .9999906 -.0023871 -.0036319
T  574 54 .1184873E+11   8240000E+01 -.9061E+05  .1433E+06   .9999809 -.0060403  .0012952
T  575 54 .1178319E+11   8240000E+01  .9503E+05 -.1100E+06   .9999758  .0068364 -.0012585
T  576 54 .1189647E+11   8240000E+01 -.1979E+06 -.1861E+06   .9999536 -.0083844 -.0047478
T  577 54 .1181380E+11   8240000E+01 -.9315E+04 -.1183E+06   .9999325  .0003284 -.0116112
T  578 54 .1180790E+11   8240000E+01  .5668E+05  .3770E+05   .9999989 -.0010141 -.0010727
T  579 54 .1173231E+11   8240000E+01 -.2918E+06 -.2656E+06   .9998974 -.0117968 -.0081240
T  580 54 .1183100E+11   8240000E+01  .9697E+05 -.4500E+06   .9999476  .0028245 -.0098373
T  581 54 .1178108E+11   8240000E+01  .9524E+05 -.2092E+06   .9999774 -.0010414 -.0066488
T  582 54 .1179963E+11   8240000E+01  .1971E+06  .1168E+06   .9999872  .0047397  .0017926
T  583 54 .1177433E+11   8240000E+01  .2776E+05 -.1485E+06   .9999499  .0009327 -.0099628
T  584 54 .1187553E+11   8240000E+01 -.8284E+05  .3938E+05   .9999822 -.0020330 -.0056095
T  585 54 .1177606E+11   8240000E+01 -.3904E+05 -.4755E+05   .9999985 -.0009498  .0014338
T  586 54 .1179567E+11   8240000E+01 -.1161E+06  .5239E+05   .9999877  .0014505  .0047515
T  587 54 .1175447E+11   8240000E+01 -.1246E+05 -.8145E+05   .9999909  .0007485 -.0041992
T  588 54 .1180014E+11   8240000E+01 -.8559E+05 -.2046E+06   .9999978 -.0002488 -.0020716
T  589 54 .1179196E+11   8240000E+01 -.4243E+05  .2736E+06   .9999006 -.0027640  .0138266
T  590 54 .1181643E+11   8240000E+01  .2568E+05  .1408E+06   .9999756  .0004477  .0069690
T  591 54 .1177529E+11   8240000E+01  .2314E+06 -.2317E+06   .9999511  .0021488 -.0096494
T  592 54 .1178903E+11   8240000E+01 -.3143E+06 -.1143E+06   .9999490 -.0093278 -.0038618
T  593 54 .1177821E+11   8240000E+01 -.1583E+06  .1610E+06   .9999547 -.0077480  .0055314
T  594 54 .1177351E+11   8240000E+01  .2019E+06  .2584E+06   .9999924  .0034638  .0017647
T  595 54 .1189175E+11   8240000E+01 -.7755E+05  .1617E+06   .9999832 -.0021988  .0053591
T  596 54 .1174629E+11   8240000E+01  .7763E+05 -.3078E+05   .9999961 -.0005027 -.0027349
T  597 54 .1182292E+11   8240000E+01  .5580E+05 -.9375E+05   .9999938  .0001195 -.0035067
T  598 54 .1184697E+11   8240000E+01  .1936E+06 -.2006E+06   .9999984  .0017546 -.0003588
T  599 54 .1180762E+11   8240000E+01  .5914E+06 -.3149E+05   .9999531  .0096812 -.0001451
T  600 54 .1182174E+11   8240000E+01 -.1705E+06 -.5452E+05   .9999780 -.0064068 -.0017440
T  601 54 .1178401E+11   8240000E+01 -.7118E+05  .2175E+03   .9999916 -.0015697 -.0037913
T  602 54 .1182906E+11   8240000E+01  .1731E+05 -.2227E+06   .9999930  .0023745 -.0028936
T  603 54 .1180511E+11   8240000E+01  .2223E+06  .1427E+06   .9999920  .0035911  .0017342
T  604 54 .1171941E+11   8240000E+01  .2327E+06 -.1040E+06   .9999925  .0033585 -.0019143
T  605 54 .1184531E+11   8240000E+01  .1284E+06 -.4163E+06   .9999771 -.0001756 -.0067681
T  606 54 .1173425E+11   8240000E+01 -.3717E+06  .2204E+05   .9999487 -.0076034  .0066895
T  607 54 .1182702E+11   8240000E+01 -.1245E+06  .5450E+05   .9999888 -.0000398  .0047371
T  608 54 .1181854E+11   8240000E+01 -.8330E+05 -.1473E+06   .9999723 -.0067648 -.0031196
T  609 54 .1178339E+11   8240000E+01 -.1333E+06 -.2383E+05   .9999949 -.0031416 -.0005302
T  610 54 .1176067E+11   8240000E+01  .1300E+06  .1093E+05   .9999513  .0090622  .0038987
T  611 54 .1176840E+11   8240000E+01  .1063E+06  .6054E+05   .9999961  .0015821 -.0022877
T  612 54 .1179898E+11   8240000E+01  .3458E+06  .1709E+06   .9999535  .0085112  .0045338
T  613 54 .1179457E+11   8240000E+01 -.3142E+06 -.1121E+06   .9999770 -.0066218 -.0014753
T  614 54 .1177628E+11   8240000E+01  .3890E+05 -.1022E+06   .9999834  .0041657 -.0039895
T  615 54 .1177146E+11   8240000E+01  .1424E+06  .1068E+05   .9999847  .0051866  .0019343
T  616 54 .1177203E+11   8240000E+01  .1696E+06  .7813E+05   .9999915 -.0010659  .0039880
T  617 54 .1178433E+11   8240000E+01  .3417E+05  .2283E+06   .9999421 -.0004954  .0107451
T  618 54 .1181963E+11   8240000E+01  .9222E+05 -.2340E+06   .9999682  .0008608 -.0079282
T  619 54 .1180154E+11   8240000E+01  .1753E+06 -.4348E+05   .9999969  .0016526 -.0018728
T  620 54 .1174020E+11   8240000E+01  .1220E+06 -.7252E+05   .9999976  .0018843  .0010738
T  621 54 .1172595E+11   8240000E+01 -.1013E+06 -.1539E+06   .9999966 -.0009468 -.0024346
T  622 54 .1178185E+11   8240000E+01  .1752E+06  .1904E+06   .9999904  .0017196  .0040414
T  623 54 .1172801E+11   8240000E+01 -.6310E+05  .1521E+06   .9999910  .0001876  .0042444
T  624 54 .1181037E+11   8240000E+01  .7280E+05  .3871E+05   .9999936  .0032473 -.0015266
T  625 54 .1178031E+11   8240000E+01 -.1276E+06 -.1588E+06   .9999928 -.0023623 -.0029844
T  626 54 .1184151E+11   8240000E+01  .1031E+06  .2802E+06   .9999992 -.0010044  .0007764
T  627 54 .1175971E+11   8240000E+01 -.5340E+05  .5400E+05   .9999942 -.0032030 -.0011372
T  628 54 .1175958E+11   8240000E+01  .2641E+05 -.2553E+06   .9999913  .0004059 -.0041412
T  629 54 .1185349E+11   8240000E+01  .6623E+04  .1636E+06   .9999874 -.0013063  .0048451
T  630 54 .1176100E+11   8240000E+01  .3417E+06  .9591E+05   .9998840  .0144980  .0046650
T  631 54 .1174744E+11   8240000E+01 -.1185E+06  .1107E+06   .9999338 -.0043508  .0106543
T  632 54 .1180700E+11   8240000E+01  .8984E+05  .2969E+05   .9999964  .0016008  .0021686
T  633 54 .1176892E+11   8240000E+01 -.1114E+06  .1165E+06   .9999662 -.0030843  .0076227
T  634 54 .1179571E+11   8240000E+01  .2182E+06  .2160E+06   .9999497  .0071229  .0070634
T  635 54 .1181903E+11   8240000E+01 -.8793E+04  .5356E+05   .9999943 -.0027642  .0019135
T  636 54 .1173651E+11   8240000E+01 -.1154E+06 -.1603E+06   .9999737 -.0050290 -.0052315
T  637 54 .1177236E+11   8240000E+01 -.3081E+06 -.6298E+05   .9999467 -.0068976 -.0076790
T  638 54 .1178691E+11   8240000E+01  .2624E+06 -.1872E+05   .9999815  .0059698 -.0011619
T  639 54 .1178224E+11   8240000E+01 -.5349E+04  .6444E+05   .9999873  .0050223  .0002854
T  640 54 .1183115E+11   8240000E+01 -.5340E+05  .1740E+05   .9999770 -.0013491  .0066411
T  641 54 .1176119E+11   8240000E+01 -.1687E+06 -.1369E+06   .9999893 -.0046194  .0001284
T  642 54 .1177374E+11   8240000E+01 -.1197E+05  .3141E+05   .9999660 -.0046594  .0067972
T  643 54 .1173296E+11   8240000E+01  .4199E+04 -.3536E+05   .9999928  .0029731  .0023467
T  644 54 .1172073E+11   8240000E+01 -.8175E+05 -.9149E+05   .9999940 -.0031637  .0014427
T  645 54 .1176053E+11   8240000E+01 -.8552E+05 -.1834E+06   .9999754 -.0016482 -.0068202
T  646 54 .1175918E+11   8240000E+01 -.1155E+06 -.1833E+06   .9999567 -.0092559 -.0009545
T  647 54 .1177002E+11   8240000E+01 -.6050E+05 -.2981E+05   .9999951 -.0012278  .0028936
T  648 54 .1176035E+11   8240000E+01 -.5691E+05  .3009E+06   .9999826  .0000883  .0059043
T  649 54 .1186298E+11   8240000E+01 -.1475E+06 -.1037E+06   .9999943 -.0030251 -.0015011
T  650 54 .1178157E+11   8240000E+01  .3764E+06 -.4599E+06   .9998202  .0069058 -.0176606
T  651 54 .1175743E+11   8240000E+01 -.1195E+06 -.1803E+06   .9999837 -.0055520  .0013346
T  652 54 .1180423E+11   8240000E+01 -.2400E+06 -.9882E+05   .9999632 -.0071769 -.0047089
T  653 54 .1177102E+11   8240000E+01  .1033E+06 -.1301E+06   .9999985 -.0004777 -.0016434
T  654 54 .1168897E+11   8240000E+01 -.7432E+04  .2105E+06   .9999835 -.0020652  .0053613
T  655 54 .1185308E+11   8240000E+01  .2701E+06  .3921E+05   .9999981  .0009500  .0017305
T  656 54 .1174431E+11   8240000E+01 -.2022E+06 -.9712E+05   .9999822 -.0045960 -.0038066
T  657 54 .1177790E+11   8240000E+01  .7287E+05 -.2151E+05   .9999854  .0050401 -.0019480
T  658 54 .1183149E+11   8240000E+01 -.2278E+06 -.2082E+06   .9999565 -.0075998 -.0054081
T  659 54 .1180915E+11   8240000E+01  .2323E+06 -.1983E+06   .9999927  .0030499 -.0022832
T  660 54 .1185385E+11   8240000E+01 -.4502E+05  .6490E+05   .9999839 -.0003157  .0056731
T  661 54 .1177919E+11   8240000E+01 -.1605E+06 -.5433E+05   .9999943 -.0027938  .0018924
T  662 54 .1180417E+11   8240000E+01  .2371E+06  .5375E+05   .9999713  .0053356 -.0053731
T  663 54 .1184945E+11   8240000E+01 -.6604E+05  .1099E+06   .9999998 -.0006681 -.0000031
T  664 54 .1176950E+11   8240000E+01  .8183E+05 -.1045E+06   .9999775  .0015703 -.0065193
T  665 54 .1170784E+11   8240000E+01  .7855E+05  .1224E+06   .9999887  .0028517  .0038043
T  666 54 .1187267E+11   8240000E+01 -.7168E+05 -.1527E+06   .9999946 -.0027131 -.0018767
T  667 54 .1172128E+11   8240000E+01  .1947E+06 -.1610E+06   .9999151  .0126942 -.0029392
T  668 54 .1186643E+11   8240000E+01  .2880E+06 -.3658E+06   .9999002  .0004586 -.0141176
T  669 54 .1179576E+11   8240000E+01 -.2729E+06  .6574E+05   .9999953 -.0030412  .0003359
T  670 54 .1178314E+11   8240000E+01  .2073E+06 -.2013E+05   .9999801  .0061593  .0013711
T  671 54 .1169260E+11   8240000E+01 -.1797E+06  .1728E+05   .9999632 -.0066702  .0054035
T  672 54 .1187526E+11   8240000E+01 -.1275E+06  .1216E+06   .9999765 -.0062808  .0027624
T  673 54 .1187273E+11   8240000E+01  .1253E+06  .2601E+06   .9999875 -.0037055  .0033660
T  674 54 .1175909E+11   8240000E+01  .7184E+05 -.1701E+05   .9999979  .0020481  .0000346
T  675 54 .1181700E+11   8240000E+01 -.1479E+06 -.1179E+05   .9999976 -.0021769 -.0003946
T  676 54 .1178446E+11   8240000E+01  .2245E+05  .1636E+06   .9999958  .0010904  .0026774
T  677 54 .1181876E+11   8240000E+01 -.2255E+06 -.1433E+06   .9999584 -.0084623  .0034093
T  678 54 .1181551E+11   8240000E+01 -.4906E+06 -.6183E+04   .9999674 -.0068005  .0043466
T  679 54 .1173576E+11   8240000E+01 -.1115E+06  .1720E+06   .9999931 -.0028176  .0024275
T  680 54 .1172710E+11   8240000E+01 -.2272E+06  .2147E+06   .9999840 -.0030161  .0047807
T  681 54 .1184975E+11   8240000E+01  .1802E+06 -.4871E+05   .9999683  .0065610 -.0045192
T  682 54 .1174788E+11   8240000E+01 -.2222E+06  .4067E+05   .9999869 -.0050994 -.0003661
T  683 54 .1180239E+11   8240000E+01  .1403E+06  .1989E+06   .9999716  .0047308  .0058703
T  684 54 .1181506E+11   8240000E+01  .5187E+04  .2529E+05   .9999926 -.0019008  .0033469
T  685 54 .1179222E+11   8240000E+01  .1057E+06  .1869E+05   .9999885 -.0008805 -.0047162
T  686 54 .1178676E+11   8240000E+01 -.7536E+05 -.6431E+05   .9999757 -.0032923 -.0061496
T  687 54 .1181451E+11   8240000E+01 -.1035E+05 -.2044E+06   .9999871 -.0012302 -.0049377
T  688 54 .1180732E+11   8240000E+01 -.2332E+06 -.7593E+05   .9999876 -.0039393 -.0030457
T  689 54 .1182794E+11   8240000E+01  .4227E+04  .4632E+04   .9999990 -.0011557 -.0007999
T  690 54 .1179017E+11   8240000E+01 -.1303E+06 -.5927E+05   .9999969  .0019400  .0015297
T  691 54 .1177956E+11   8240000E+01 -.5463E+05  .2823E+05   .9999950 -.0021668  .0023013
T  692 54 .1173814E+11   8240000E+01  .5960E+05 -.2655E+06   .9999673  .0044032 -.0067891
T  693 54 .1176894E+11   8240000E+01  .3657E+06  .4355E+05   .9999547  .0093443  .0018144
T  694 54 .1177019E+11   8240000E+01  .2210E+06 -.2296E+06   .9999884  .0048199 -.0000486
T  695 54 .1175608E+11   8240000E+01  .2039E+06  .9668E+04   .9999971  .0008891  .0022327
T  696 54 .1187926E+11   8240000E+01 -.4261E+05 -.6529E+05   .9999908 -.0015899  .0039774
T  697 54 .1178288E+11   8240000E+01 -.7872E+04  .2082E+05   .9999911  .0039704 -.0014175
T  698 54 .1178334E+11   8240000E+01  .2373E+05 -.1380E+06   .9999961  .0014088 -.0023970
T  699 54 .1182641E+11   8240000E+01 -.1736E+06 -.6650E+05   .9999691 -.0032134 -.0071716
T  700 54 .1174855E+11   8240000E+01  .1447E+06 -.1419E+06   .9999659  .0076274 -.0031557
T  701 54 .1176813E+11   8240000E+01 -.1998E+06 -.7283E+04   .9999921 -.0038289 -.0011048
T  702 54 .1175336E+11   8240000E+01 -.1581E+06  .8826E+05   .9999630 -.0083640  .0020285
T  703 54 .1178151E+11   8240000E+01  .4383E+06 -.2884E+06   .9999191  .0076833 -.0101371
T  704 54 .1180696E+11   8240000E+01  .2223E+06 -.3425E+05   .9999954  .0025693  .0016231
T  705 54 .1179613E+11   8240000E+01  .2124E+06 -.1195E+06   .9999865  .0050963  .0010577
T  706 54 .1181552E+11   8240000E+01 -.6597E+05 -.2692E+05   .9999993  .0001907 -.0011432
T  707 54 .1181295E+11   8240000E+01 -.1560E+06 -.6058E+05   .9999737 -.0066875 -.0027993
T  708 54 .1179851E+11   8240000E+01 -.8716E+05 -.5702E+05   .9999968 -.0025142 -.0001856
T  709 54 .1180595E+11   8240000E+01  .8322E+04 -.2623E+05   .9999999 -.0001195  .0000344
T  710 54 .1187610E+11   8240000E+01  .3390E+05  .1329E+06   .9999898  .0021522  .0039746
T  711 54 .1179383E+11   8240000E+01  .9036E+04  .5507E+04   .9999955  .0029103  .0007562
T  712 54 .1170778E+11   8240000E+01 -.1479E+05  .5572E+05   .9999989  .0014065  .0005178
T  713 54 .1176106E+11   8240000E+01 -.3149E+05  .1420E+06   .9999968  .0013984 -.0021307
T  714 54 .1179640E+11   8240000E+01 -.1796E+06  .1238E+06   .9999845 -.0047936  .0028172
T  715 54 .1177642E+11   8240000E+01  .1108E+06 -.2963E+03   .9999876  .0028152 -.0041119
T  716 54 .1178955E+11   8240000E+01  .2317E+06  .3276E+05   .9999838  .0043533  .0036790
T  717 54 .1178329E+11   8240000E+01 -.5121E+05 -.1292E+06   .9999931  .0000169 -.0037068
T  718 54 .1180899E+11   8240000E+01  .1466E+06 -.1458E+06   .9999920  .0037915 -.0012801
T  719 54 .1179100E+11   8240000E+01  .1818E+06 -.1229E+06   .9999978 -.0001715 -.0020789
T  720 54 .1169353E+11   8240000E+01 -.1118E+06  .1793E+06   .9999712 -.0053132  .0054121
T  721 54 .1180063E+11   8240000E+01  .4773E+05  .2736E+05   .9999900 -.0011368  .0043298
T  722 54 .1178237E+11   8240000E+01  .1283E+06 -.4553E+05   .9999837  .0030111 -.0048439
T  723 54 .1183142E+11   8240000E+01 -.2306E+05 -.2167E+06   .9999962  .0008873 -.0026184
T  724 54 .1178902E+11   8240000E+01  .1410E+06 -.7812E+04   .9999901 -.0033095  .0029632
T  725 54 .1175093E+11   8240000E+01 -.1230E+05 -.1975E+06   .9999688 -.0069846 -.0036998
T  726 54 .1189705E+11   8240000E+01 -.5818E+05 -.7258E+05   .9999965 -.0001060 -.0026255
T  727 54 .1181675E+11   8240000E+01 -.2331E+05  .4251E+06   .9999440  .0000565  .0105829
T  728 54 .1176221E+11   8240000E+01 -.3058E+05  .1891E+06   .9999826 -.0024628  .0053671
T  729 54 .1175470E+11   8240000E+01  .3324E+05  .1450E+05   .9999877  .0030462  .0039114
T  730 54 .1171459E+11   8240000E+01  .9549E+05 -.5972E+05   .9999925  .0037944 -.0008173
T  731 54 .1177745E+11   8240000E+01 -.1668E+05 -.1841E+06   .9999864 -.0023674 -.0046438
T  732 54 .1176894E+11   8240000E+01 -.1312E+06  .1763E+06   .9999932 -.0024129  .0027956
T  733 54 .1182977E+11   8240000E+01 -.2156E+06 -.5451E+05   .9999959 -.0027264  .0009059
T  734 54 .1177219E+11   8240000E+01  .7557E+05  .2258E+06   .9999815  .0001208  .0060853
T  735 54 .1181903E+11   8240000E+01  .4658E+05 -.2224E+06   .9999983  .0014109 -.0011966
T  736 54 .1178652E+11   8240000E+01  .1341E+06  .3074E+06   .9999545  .0037287  .0087750
T  737 54 .1182391E+11   8240000E+01 -.3924E+06 -.1152E+05   .9999863 -.0052265  .0001005
T  738 54 .1179965E+11   8240000E+01  .1375E+06  .1370E+05   .9999998 -.0004780 -.0002907
T  739 54 .1182936E+11   8240000E+01  .4980E+05  .1400E+06   .9999801  .0003845  .0062922
T  740 54 .1180376E+11   8240000E+01  .1617E+06  .5118E+05   .9999772 -.0010308  .0066777
T  741 54 .1176544E+11   8240000E+01 -.6036E+05  .1181E+06   .9999884 -.0011927  .0046682
T  742 54 .1168801E+11   8240000E+01  .8979E+04  .8451E+05   .9999940 -.0006452  .0034042
T  743 54 .1182019E+11   8240000E+01  .4475E+05  .9258E+05   .9999943 -.0026607  .0020673
T  744 54 .1179189E+11   8240000E+01 -.1891E+06 -.1034E+06   .9999745 -.0049521 -.0051423
T  745 54 .1181592E+11   8240000E+01 -.1671E+06 -.5233E+05   .9999868 -.0046410 -.0022104
T  746 54 .1184049E+11   8240000E+01  .6507E+05  .5029E+05   .9999929  .0016629  .0033939
T  747 54 .1186266E+11   8240000E+01  .1978E+06 -.2338E+06   .9999956 -.0004737 -.0029371
T  748 54 .1177970E+11   8240000E+01  .2018E+05 -.1588E+06   .9999796  .0033679 -.0054337
T  749 54 .1171542E+11   8240000E+01 -.7104E+04 -.2157E+06   .9999786 -.0041533 -.0050460
T  750 54 .1175802E+11   8240000E+01  .2934E+06  .2871E+05   .9999660  .0055077  .0061361
T  751 54 .1181660E+11   8240000E+01 -.1393E+06 -.9412E+05   .9999956  .0019669 -.0022271
T  752 54 .1185605E+11   8240000E+01 -.1221E+06  .6802E+04   .9999340 -.0112861 -.0021271
T  753 54 .1177813E+11   8240000E+01 -.2090E+06  .1221E+06   .9999859 -.0044116  .0029445
T  754 54 .1173896E+11   8240000E+01  .9420E+05 -.2574E+06   .9999331  .0028933 -.0112009
T  755 54 .1179206E+11   8240000E+01  .2907E+06  .5405E+05   .9999565  .0092370  .0013159
T  756 54 .1180232E+11   8240000E+01  .3557E+05 -.1400E+06   .9999951 -.0018305 -.0025231
T  757 54 .1174670E+11   8240000E+01 -.7374E+06  .5213E+06   .9998167 -.0172744  .0082547
T  758 54 .1166842E+11   8240000E+01  .5047E+05  .3194E+05   .9999982  .0016993  .0008552
T  759 54 .1182108E+11   8240000E+01 -.8841E+05  .4570E+05   .9999998 -.0004092  .0004957
T  760 54 .1181838E+11   8240000E+01  .2525E+06 -.1596E+06   .9999912  .0029377 -.0030014
T  761 54 .1168745E+11   8240000E+01 -.1382E+06  .1725E+06   .9999738 -.0057306  .0044158
T  762 54 .1177579E+11   8240000E+01  .4122E+05  .1869E+06   .9999450  .0016065  .0103644
T  763 54 .1177765E+11   8240000E+01  .9822E+04  .2029E+05   .9999989  .0005547  .0013622
T  764 54 .1180303E+11   8240000E+01 -.2725E+06 -.4382E+06   .9999616 -.0074291 -.0046475
T  765 54 .1184248E+11   8240000E+01 -.4959E+04  .7417E+05   .9999993 -.0011466 -.0004181
T  766 54 .1171994E+11   8240000E+01  .5798E+05  .7027E+05   .9999996  .0002117 -.0008294
T  767 54 .1174784E+11   8240000E+01 -.7016E+05 -.1374E+06   .9999972  .0001778 -.0023559
T  768 54 .1183134E+11   8240000E+01 -.7598E+05 -.1303E+06   .9999783  .0009251 -.0065153
T  769 54 .1176612E+11   8240000E+01 -.1178E+06  .3771E+05   .9999819 -.0012248  .0058876
T  770 54 .1175613E+11   8240000E+01 -.1813E+06 -.1372E+06   .9999854  .0004682 -.0053879
T  771 54 .1172441E+11   8240000E+01 -.2108E+06 -.4500E+05   .9999880 -.0030840  .0038068
T  772 54 .1184101E+11   8240000E+01  .1386E+06  .8820E+05   .9999893  .0044079 -.0013867
T  773 54 .1182367E+11   8240000E+01  .2378E+06  .9310E+05   .9999817  .0044778 -.0040582
T  774 54 .1177392E+11   8240000E+01  .1509E+06 -.2744E+06   .9999996  .0000274 -.0009481
T  775 54 .1185059E+11   8240000E+01  .1197E+06  .2599E+05   .9999947  .0028032  .0016494
T  776 54 .1188875E+11   8240000E+01 -.4111E+04  .2828E+06   .9999973 -.0017423  .0015570
T  777 54 .1175613E+11   8240000E+01 -.3783E+05 -.2496E+06   .9999790 -.0017491 -.0062377
T  778 54 .1174329E+11   8240000E+01 -.1390E+06 -.8113E+05   .9999977 -.0021554  .0001052
T  779 54 .1175824E+11   8240000E+01  .2544E+06 -.3358E+06   .9999247  .0111556 -.0051197
T  780 54 .1185130E+11   8240000E+01  .1420E+05  .1294E+06   .9999854  .0017122  .0051226
T  781 54 .1180552E+11   8240000E+01 -.2508E+05 -.4094E+05   .9999850 -.0041844 -.0035388
T  782 54 .1172824E+11   8240000E+01 -.3021E+05 -.8703E+05   .9999925 -.0012935 -.0036505
T  783 54 .1175730E+11   8240000E+01  .1136E+06 -.2181E+04   .9999979  .0012421  .0016428
T  784 54 .1177600E+11   8240000E+01  .6849E+05  .2686E+06   .9999420 -.0017083  .0106369
T  785 54 .1175438E+11   8240000E+01  .2146E+05  .9679E+05   .9999605  .0069847  .0054924
T  786 54 .1172234E+11   8240000E+01  .5673E+05 -.1346E+06   .9999996  .0006903 -.0006492
T  787 54 .1180722E+11   8240000E+01 -.1007E+06 -.1137E+06   .9999821 -.0059672 -.0004210
T  788 54 .1183195E+11   8240000E+01  .1566E+06 -.1547E+06   .9999956  .0028379  .0008473
T  789 54 .1177033E+11   8240000E+01 -.1580E+06  .3327E+06   .9999962  .0008206  .0026134
T  790 54 .1176177E+11   8240000E+01 -.2306E+05  .1006E+06   .9999967  .0018110 -.0018111
T  791 54 .1173153E+11   8240000E+01  .2510E+05 -.7335E+05   .9999878  .0018935 -.0045530
T  792 54 .1182383E+11   8240000E+01  .1637E+06 -.3062E+05   .9999850  .0043822 -.0032856
T  793 54 .1183503E+11   8240000E+01  .1593E+06  .2992E+05   .9999283  .0100379  .0065284
T  794 54 .1179535E+11   8240000E+01 -.3833E+05  .3982E+05   .9999946 -.0032285 -.0006479
T  795 54 .1176744E+11   8240000E+01 -.3959E+05 -.6087E+05   .9999978 -.0019530  .0007632
T  796 54 .1176235E+11   8240000E+01 -.3036E+05 -.2365E+06   .9999210  .0016520 -.0124625
T  797 54 .1182758E+11   8240000E+01  .2496E+06 -.2755E+05   .9999158  .0101500  .0080912
T  798 54 .1180633E+11   8240000E+01 -.1101E+06 -.1033E+06   .9999969 -.0003887 -.0024655
T  799 54 .1180544E+11   8240000E+01 -.1566E+06 -.1975E+06   .9999874 -.0005392 -.0049937
T  800 54 .1174184E+11   8240000E+01 -.1546E+06 -.3043E+06   .9999577  .0019024 -.0090037
T  801 54 .1182826E+11   8240000E+01  .2971E+06 -.1210E+05   .9999436  .0102217 -.0029002
T  802 54 .1179129E+11   8240000E+01 -.1604E+05 -.2722E+06   .9999885 -.0037873 -.0029354
T  803 54 .1184950E+11   8240000E+01  .1920E+06  .1494E+06   .9999941  .0034367  .0000815
T  804 54 .1179862E+11   8240000E+01 -.6335E+05  .1184E+06   .9999974 -.0017085  .0015427
T  805 54 .1180814E+11   8240000E+01 -.9809E+05  .2278E+06   .9999743 -.0057620  .0042625
T  806 54 .1180175E+11   8240000E+01 -.6264E+05  .8366E+05   .9999997  .0002090 -.0007911
T  807 54 .1173576E+11   8240000E+01 -.5326E+05 -.4462E+05   .9999758 -.0020289 -.0066591
T  808 54 .1170316E+11   8240000E+01  .1109E+06 -.1128E+06   .9996773 -.0220219 -.0126644
T  809 54 .1178214E+11   8240000E+01  .1063E+06 -.1245E+06   .9999883  .0037354 -.0030871
T  810 54 .1177892E+11   8240000E+01 -.9241E+05 -.1055E+06   .9999976 -.0006686 -.0020702
T  811 54 .1171141E+11   8240000E+01 -.8342E+05 -.2262E+05   .9999868 -.0005996  .0051013
T  812 54 .1179089E+11   8240000E+01  .1065E+06 -.2350E+06   .9999678  .0047052 -.0065057
T  813 54 .1175781E+11   8240000E+01 -.2671E+06 -.1916E+06   .9999369 -.0088402 -.0069277
T  814 54 .1173590E+11   8240000E+01 -.1085E+05 -.2007E+06   .9999742 -.0000488 -.0071861
T  815 54 .1176654E+11   8240000E+01  .3609E+05  .1091E+05   .9999934  .0028599  .0022423
T  816 54 .1178196E+11   8240000E+01 -.1913E+06  .3202E+06   .9999715  .0017760  .0073432
T  817 54 .1180128E+11   8240000E+01 -.2262E+06 -.1100E+06   .9999916 -.0024572  .0032817
T  818 54 .1176733E+11   8240000E+01  .2052E+06  .1382E+06   .9999817  .0058884  .0013523
T  819 54 .1180350E+11   8240000E+01  .1778E+06 -.8718E+05   .9999712  .0062191 -.0043553
T  820 54 .1175772E+11   8240000E+01 -.2941E+06  .2923E+06   .9999472 -.0046105  .0091797
T  821 54 .1173634E+11   8240000E+01  .1105E+06 -.1729E+06   .9999810  .0020676 -.0058052
T  822 54 .1173813E+11   8240000E+01 -.2859E+06  .2723E+06   .9999510 -.0049556  .0085667
T  823 54 .1173519E+11   8240000E+01  .8738E+05 -.1907E+06   .9999918  .0004660 -.0040107
T  824 54 .1182194E+11   8240000E+01 -.1005E+06  .1624E+06   .9999869  .0005118  .0050918
T  825 54 .1184226E+11   8240000E+01  .3295E+05 -.1413E+06   .9999937 -.0024954  .0025108
T  826 54 .1182456E+11   8240000E+01  .2354E+06 -.4098E+06   .9999779  .0003481 -.0066432
T  827 54 .1175410E+11   8240000E+01  .4774E+04 -.8877E+05   .9999967  .0014223 -.0021543
T  828 54 .1186192E+11   8240000E+01  .1597E+06  .1208E+06   .9999562  .0077901  .0051839
T  829 54 .1179523E+11   8240000E+01 -.1304E+06 -.5641E+05   .9999994 -.0009828 -.0005229
T  830 54 .1179559E+11   8240000E+01  .4858E+05  .8119E+04   .9999981 -.0017437  .0008853
T  831 54 .1186477E+11   8240000E+01  .2600E+06  .5575E+05   .9999753 -.0028225  .0064321
T  832 54 .1179282E+11   8240000E+01 -.2195E+06  .4821E+05   .9999852 -.0042622  .0033945
T  833 54 .1183334E+11   8240000E+01  .5947E+05 -.4797E+05   .9999882 -.0008447 -.0047922
T  834 54 .1181098E+11   8240000E+01 -.1529E+05  .1260E+06   .9999971  .0008812  .0022254
T  835 54 .1178768E+11   8240000E+01  .6867E+05 -.1674E+06   .9999790 -.0009106 -.0064160
T  836 54 .1180208E+11   8240000E+01  .1006E+06  .2238E+06   .9999883  .0021065  .0043579
T  837 54 .1170820E+11   8240000E+01 -.1065E+06 -.2181E+06   .9999661  .0028945 -.0077076
T  838 54 .1177578E+11   8240000E+01  .1394E+06 -.2926E+06   .9999852  .0035097 -.0041503
T  839 54 .1182986E+11   8240000E+01 -.7454E+05  .2537E+06   .9999634 -.0007278  .0085251
T  840 54 .1176383E+11   8240000E+01  .2120E+06  .1839E+06   .9999501  .0083924  .0054253
T  841 54 .1173799E+11   8240000E+01 -.9008E+05  .3015E+05   .9999941 -.0034331 -.0000827
T  842 54 .1179247E+11   8240000E+01  .2115E+06 -.8847E+05   .9999992  .0009777  .0008472
T  843 54 .1173569E+11   8240000E+01 -.3449E+06  .1452E+06   .9999451 -.0082656  .0064417
T  844 54 .1183368E+11   8240000E+01 -.5283E+06  .3971E+06   .9999622 -.0067011  .0055316
T  845 54 .1173175E+11   8240000E+01  .2457E+06  .1497E+06   .9999687  .0041047  .0067599
T  846 54 .1176881E+11   8240000E+01  .1185E+06  .1740E+05   .9998741  .0151971 -.0045743
T  847 54 .1184561E+11   8240000E+01  .2985E+06 -.8464E+05   .9999822  .0057867  .0014352
T  848 54 .1178746E+11   8240000E+01  .7769E+05 -.6720E+04   .9999680 -.0062736 -.0049567
T  849 54 .1180674E+11   8240000E+01  .1141E+06  .1161E+06   .9999499  .0076225  .0064948
T  850 54 .1180461E+11   8240000E+01  .2063E+06  .1429E+06   .9999800  .0036375  .0051657
T  851 54 .1179017E+11   8240000E+01  .2882E+05  .7538E+05   .9999967  .0025715 -.0002832
T  852 54 .1176842E+11   8240000E+01 -.1654E+06  .2777E+06   .9999782 -.0042049  .0050941
T  853 54 .1176339E+11   8240000E+01 -.3019E+06 -.2433E+05   .9999564 -.0091758  .0017478
T  854 54 .1183163E+11   8240000E+01  .4396E+05  .4949E+05   .9999879  .0046325  .0016548
T  855 54 .1183823E+11   8240000E+01 -.3369E+05 -.1728E+06   .9999714  .0013111 -.0074500
T  856 54 .1178162E+11   8240000E+01  .6808E+04  .8625E+05   .9999983 -.0015821 -.0009976
T  857 54 .1176739E+11   8240000E+01 -.2045E+06  .3528E+06   .9999644 -.0037217  .0075764
T  858 54 .1183847E+11   8240000E+01 -.8442E+05  .1769E+06   .9999991 -.0013518  .0000869
T  859 54 .1174728E+11   8240000E+01  .8357E+05 -.9110E+04   .9999897  .0044932 -.0005607
T  860 54 .1175435E+11   8240000E+01 -.2055E+06  .2161E+05   .9999737 -.0015378  .0070879
T  861 54 .1176860E+11   8240000E+01 -.2407E+05 -.1066E+06   .9999988  .0003803  .0014970
T  862 54 .1172672E+11   8240000E+01 -.8962E+04 -.1734E+06   .9999921  .0020295 -.0034167
T  863 54 .1180336E+11   8240000E+01 -.1536E+06  .1535E+06   .9999939 -.0007036  .0034239
T  864 54 .1176907E+11   8240000E+01 -.2238E+05 -.4225E+05   .9999917 -.0040441 -.0005131
T  865 54 .1176913E+11   8240000E+01 -.2673E+05  .1828E+06   .9999769  .0058452  .0034736
T  866 54 .1170673E+11   8240000E+01 -.2924E+05 -.2249E+06   .9999630 -.0024907 -.0082339
T  867 54 .1183064E+11   8240000E+01  .2245E+06 -.1139E+06   .9999839  .0047072 -.0031745
T  868 54 .1181002E+11   8240000E+01  .7952E+05  .6095E+05   .9999998  .0000059  .0006995
T  869 54 .1181659E+11   8240000E+01  .3553E+05  .1709E+06   .9999895 -.0011857  .0044186
T  870 54 .1183186E+11   8240000E+01  .1206E+06 -.1412E+06   .9999799  .0035881 -.0052260
T  871 54 .1180468E+11   8240000E+01  .8624E+05 -.4691E+05   .9999820  .0022004  .0055868
T  872 54 .1179819E+11   8240000E+01 -.2897E+05  .3068E+05   .9999940  .0032527  .0011612
T  873 54 .1183271E+11   8240000E+01 -.1133E+06 -.6887E+05   .9999852 -.0051829  .0016275
T  874 54 .1183322E+11   8240000E+01 -.8811E+04  .9300E+05   .9999765 -.0038134  .0056922
T  875 54 .1174174E+11   8240000E+01 -.2861E+05  .4370E+06   .9999767  .0018359  .0065699
T  876 54 .1180105E+11   8240000E+01 -.6483E+05  .5655E+05   .9999986 -.0007462  .0015091
T  877 54 .1174854E+11   8240000E+01  .1245E+06  .2835E+05   .9999982  .0012115  .0014767
T  878 54 .1175951E+11   8240000E+01  .7235E+05  .1637E+06   .9998148  .0044151  .0187326
T  879 54 .1180394E+11   8240000E+01  .2985E+04  .1031E+06   .9999932 -.0019614 -.0031256
T  880 54 .1180423E+11   8240000E+01 -.2355E+06  .7387E+05   .9999906 -.0043121 -.0003447
T  881 54 .1181173E+11   8240000E+01 -.1913E+06 -.2187E+06   .9999755 -.0055114 -.0043185
T  882 54 .1179889E+11   8240000E+01  .2054E+06 -.2132E+05   .9999439  .0086741  .0060815
T  883 54 .1179857E+11   8240000E+01  .4087E+05 -.9300E+05   .9999847  .0053191 -.0015171
T  884 54 .1177185E+11   8240000E+01 -.1965E+06 -.1258E+06   .9999997  .0006304 -.0005322
T  885 54 .1175492E+11   8240000E+01  .1045E+06 -.1070E+05   .9999867  .0051645  .0001155
T  886 54 .1173902E+11   8240000E+01  .3937E+05  .1589E+06   .9999993 -.0011020  .0003209
T  887 54 .1182885E+11   8240000E+01  .8807E+05 -.1745E+06   .9999989  .0014965  .0002303
T  888 54 .1185181E+11   8240000E+01 -.1307E+06  .2445E+06   .9999922 -.0009455  .0038221
T  889 54 .1182354E+11   8240000E+01  .4948E+05 -.7094E+05   .9999969  .0008965 -.0023023
T  890 54 .1183765E+11   8240000E+01 -.1116E+06  .2991E+05   .9999988 -.0002874 -.0015027
T  891 54 .1176834E+11   8240000E+01  .2771E+05 -.6973E+05   .9999998 -.0004088  .0004785
T  892 54 .1177490E+11   8240000E+01  .1469E+06 -.1154E+05   .9999962  .0021111 -.0017591
T  893 54 .1179753E+11   8240000E+01 -.2353E+05 -.1456E+06   .9999741  .0030690 -.0065072
T  894 54 .1178006E+11   8240000E+01 -.4883E+05  .1466E+06   .9999874 -.0050012 -.0003783
T  895 54 .1184570E+11   8240000E+01 -.2229E+06 -.8334E+05   .9999992  .0009184  .0008892
T  896 54 .1180875E+11   8240000E+01  .5874E+05 -.2132E+05   .9999901  .0029393  .0033424
T  897 54 .1180503E+11   8240000E+01  .5143E+05 -.5185E+05   .9999851  .0012311 -.0053129
T  898 54 .1179966E+11   8240000E+01  .1982E+06  .1003E+06   .9999770  .0038689  .0055698
T  899 54 .1176678E+11   8240000E+01  .8666E+05  .1521E+06   .9999699  .0067351  .0038560
T  900 54 .1181756E+11   8240000E+01 -.7127E+03 -.7613E+05   .9999681  .0008384  .0079483
T  901 54 .1181066E+11   8240000E+01  .5054E+05 -.8331E+05   .9999930  .0015910  .0033958
T  902 54 .1179153E+11   8240000E+01  .8849E+05  .1237E+06   .9999949  .0007499  .0031119
T  903 54 .1181115E+11   8240000E+01  .2462E+06 -.2403E+06   .9999532  .0068227 -.0068604
T  904 54 .1177391E+11   8240000E+01  .1777E+05 -.3424E+05   .9999882 -.0008002 -.0047906
T  905 54 .1186246E+11   8240000E+01 -.1306E+05  .1311E+06   .9999999 -.0002214  .0003560
T  906 54 .1182735E+11   8240000E+01 -.5586E+05  .2697E+05   .9999923  .0033679  .0020105
T  907 54 .1179750E+11   8240000E+01  .3177E+06  .2112E+06   .9998907  .0146885  .0016717
T  908 54 .1180546E+11   8240000E+01 -.4063E+05 -.2272E+04   .9999982  .0016547 -.0008804
T  909 54 .1179845E+11   8240000E+01 -.9311E+05  .1662E+05   .9999978 -.0018929  .0008821
T  910 54 .1179057E+11   8240000E+01 -.3404E+05 -.3119E+06   .9999455  .0023823 -.0101641
T  911 54 .1175043E+11   8240000E+01 -.1081E+06  .1844E+06   .9999183 -.0109283  .0066326
T  912 54 .1176939E+11   8240000E+01  .1369E+05 -.2540E+06   .9999945  .0014843 -.0029750
T  913 54 .1176053E+11   8240000E+01  .6364E+05 -.2581E+06   .9999618 -.0037040 -.0079172
T  914 54 .1185426E+11   8240000E+01  .5645E+05 -.1151E+06   .9999776  .0049588 -.0044944
T  915 54 .1175798E+11   8240000E+01 -.2937E+05 -.5684E+05   .9999988 -.0014499 -.0005397
T  916 54 .1184171E+11   8240000E+01 -.8400E+05  .6707E+05   .9999801 -.0055590  .0029763
T  917 54 .1179977E+11   8240000E+01 -.2240E+06  .1230E+06   .9999830 -.0052579  .0025140
T  918 54 .1177134E+11   8240000E+01  .1000E+06 -.2338E+06   .9999584  .0059671 -.0068921
T  919 54 .1177999E+11   8240000E+01  .1114E+06 -.2136E+05   .9999224 -.0011764 -.0123995
T  920 54 .1180774E+11   8240000E+01 -.1677E+06 -.5679E+05   .9999903 -.0043749 -.0005971
T  921 54 .1177152E+11   8240000E+01 -.1592E+05 -.3923E+05   .9999990 -.0007266  .0012526
T  922 54 .1180020E+11   8240000E+01  .1432E+05  .6600E+05   .9999915 -.0014904  .0038387
T  923 54 .1186834E+11   8240000E+01 -.1873E+06 -.8023E+05   .9999694 -.0077894  .0007842
T  924 54 .1186495E+11   8240000E+01  .6578E+04 -.3560E+05   .9999975  .0000257 -.0022240
T  925 54 .1180353E+11   8240000E+01  .1513E+06 -.4368E+05   .9999925  .0021621 -.0032257
T  926 54 .1180027E+11   8240000E+01 -.1408E+06  .1626E+06   .9999844 -.0007614  .0055300
T  927 54 .1169007E+11   8240000E+01  .4317E+06  .3940E+06   .9997406  .0181589  .0137456
T  928 54 .1177790E+11   8240000E+01  .4108E+04  .1762E+06   .9999972 -.0017670 -.0015529
T  929 54 .1182367E+11   8240000E+01  .2033E+06 -.1957E+06   .9999633  .0064888 -.0055901
T  930 54 .1182071E+11   8240000E+01  .4527E+05  .2207E+05   .9999869  .0025354 -.0044549
T  931 54 .1184895E+11   8240000E+01 -.4675E+05 -.1548E+06   .9999866  .0036524 -.0036690
T  932 54 .1175378E+11   8240000E+01  .1705E+06 -.7683E+04   .9999903  .0025523 -.0035890
T  933 54 .1182778E+11   8240000E+01 -.5035E+05 -.3998E+05   .9999951  .0030289 -.0008209
T  934 54 .1179163E+11   8240000E+01 -.8831E+04 -.2614E+06   .9999923 -.0018030 -.0034742
T  935 54 .1182590E+11   8240000E+01 -.1782E+06  .2007E+06   .9999877 -.0009230  .0048741
T  936 54 .1175890E+11   8240000E+01  .1912E+05 -.1767E+06   .9999904 -.0001140 -.0043775
T  937 54 .1178690E+11   8240000E+01 -.6994E+04 -.1912E+06   .9999987  .0007288 -.0014655
T  938 54 .1181660E+11   8240000E+01 -.4281E+06  .7429E+05   .9999545 -.0093844  .0017118
T  939 54 .1172592E+11   8240000E+01  .2431E+06 -.4535E+06   .9999229  .0059770 -.0108878
T  940 54 .1169375E+11   8240000E+01 -.4180E+06 -.3553E+06   .9999707 -.0038378 -.0066166
T  941 54 .1175259E+11   8240000E+01  .1071E+06 -.9351E+05   .9999977  .0003080 -.0021444
T  942 54 .1178427E+11   8240000E+01  .3629E+06  .9367E+05   .9999901  .0037258  .0024161
T  943 54 .1181344E+11   8240000E+01  .1594E+06  .2318E+06   .9999742  .0036246  .0062001
T  944 54 .1179139E+11   8240000E+01  .2372E+06 -.5108E+05   .9999823  .0044363 -.0039646
T  945 54 .1181504E+11   8240000E+01 -.1236E+04  .8554E+05   .9999195 -.0039127  .0120687
T  946 54 .1172060E+11   8240000E+01  .5695E+06  .6015E+06   .9999765  .0042178  .0054051
T  947 54 .1172546E+11   8240000E+01  .2936E+05  .2208E+05   .9999987  .0013700  .0009002
T  948 54 .1180516E+11   8240000E+01 -.1696E+06 -.5867E+05   .9999979  .0003568  .0020326
T  949 54 .1179149E+11   8240000E+01 -.3186E+06 -.4212E+05   .9999777 -.0064093  .0018946
T  950 54 .1177181E+11   8240000E+01 -.1006E+06  .7075E+05   .9999958 -.0018938 -.0021913
T  951 54 .1187544E+11   8240000E+01 -.3306E+05  .6079E+05   .9999806  .0016456  .0060096
T  952 54 .1174053E+11   8240000E+01  .4253E+04  .1304E+06   .9999744  .0023363  .0067680
T  953 54 .1173846E+11   8240000E+01  .1409E+05  .2710E+05   .9999953  .0015108 -.0026819
T  954 54 .1177804E+11   8240000E+01  .3587E+05  .2601E+05   .9999986 -.0016561 -.0003167
T  955 54 .1175661E+11   8240000E+01 -.7886E+04 -.2379E+06   .9999556  .0012599 -.0093350
T  956 54 .1171131E+11   8240000E+01  .3704E+06  .2116E+06   .9999763  .0064399  .0024474
T  957 54 .1182060E+11   8240000E+01  .2764E+06  .2300E+06   .9999724  .0014087  .0072941
T  958 54 .1183454E+11   8240000E+01 -.3256E+05 -.1564E+06   .9999894 -.0011588 -.0044624
T  959 54 .1169085E+11   8240000E+01 -.1422E+06  .2087E+06   .9999890  .0002244  .0046914
T  960 54 .1182781E+11   8240000E+01  .1306E+06 -.1217E+06   .9999665  .0061035 -.0054463
T  961 54 .1175992E+11   8240000E+01 -.1592E+06 -.5085E+05   .9999826 -.0055417 -.0020442
T  962 54 .1184269E+11   8240000E+01  .1144E+06  .1002E+06   .9999850  .0050389  .0021644
T  963 54 .1183289E+11   8240000E+01  .1019E+06 -.1533E+06   .9999775  .0051175 -.0043314
T  964 54 .1177774E+11   8240000E+01  .1271E+06  .1097E+06   .9999994  .0000330  .0011089
T  965 54 .1167874E+11   8240000E+01 -.6671E+05 -.1387E+06   .9999703  .0038730 -.0066693
T  966 54 .1172237E+11   8240000E+01  .1995E+06 -.1103E+06   .9999804  .0038754 -.0049125
T  967 54 .1172953E+11   8240000E+01  .1060E+06  .4631E+05   .9999992 -.0005126 -.0011444
T  968 54 .1179591E+11   8240000E+01  .2560E+06 -.1305E+06   .9999646  .0068191 -.0049320
T  969 54 .1178953E+11   8240000E+01  .3372E+05 -.1902E+06   .9999635  .0025193 -.0081653
T  970 54 .1184065E+11   8240000E+01  .1870E+06 -.1695E+06   .9999680  .0069844 -.0039079
T  971 54 .1167402E+11   8240000E+01  .1447E+06  .9379E+04   .9999737  .0070822  .0015449
T  972 54 .1181148E+11   8240000E+01  .3604E+05  .1911E+06   .9999843  .0017608  .0053167
T  973 54 .1180065E+11   8240000E+01 -.3338E+06 -.1866E+06   .9999806 -.0062256 -.0003729
T  974 54 .1176263E+11   8240000E+01  .2525E+05 -.1564E+06   .9999984 -.0005337 -.0017307
T  975 54 .1170508E+11   8240000E+01  .2977E+05  .2254E+06   .9999976  .0004771  .0021465
T  976 54 .1185935E+11   8240000E+01 -.1660E+06 -.1276E+06   .9999975 -.0012931  .0018080
T  977 54 .1177242E+11   8240000E+01 -.4177E+05 -.2898E+05   .9999996 -.0002095 -.0008786
T  978 54 .1166101E+11   8240000E+01 -.2604E+06  .9939E+05   .9994403 -.0012594 -.0334289
T  979 54 .1179713E+11   8240000E+01  .1083E+06  .5600E+06   .9998800  .0044781  .0148308
T  980 54 .1181931E+11   8240000E+01 -.5699E+05 -.3861E+05   .9999969  .0019506 -.0015161
T  981 54 .1167979E+11   8240000E+01 -.5981E+05 -.4352E+05   .9999833 -.0017446  .0055182
T  982 54 .1176687E+11   8240000E+01 -.2420E+06 -.1402E+06   .9999829 -.0057195 -.0012406
T  983 54 .1187970E+11   8240000E+01 -.8276E+05  .1842E+06   .9999911 -.0033817  .0025213
T  984 54 .1173162E+11   8240000E+01 -.1714E+06  .6319E+05   .9999948 -.0032143  .0002312
T  985 54 .1176321E+11   8240000E+01  .6278E+05 -.4479E+05   .9999784  .0048717 -.0044208
T  986 54 .1179892E+11   8240000E+01  .8481E+05 -.1004E+06   .9999838  .0044899 -.0034956
T  987 54 .1179213E+11   8240000E+01  .2838E+06  .2483E+06   .9999669  .0055911  .0059187
T  988 54 .1177926E+11   8240000E+01  .2259E+06  .1354E+05   .9999912  .0041552 -.0005227
T  989 54 .1181643E+11   8240000E+01 -.7568E+05  .1522E+06   .9999797  .0052038  .0036779
T  990 54 .1184028E+11   8240000E+01 -.9131E+04 -.1696E+06   .9999991  .0013032 -.0001485
T  991 54 .1183770E+11   8240000E+01 -.3088E+06 -.1288E+06   .9999142 -.0106472 -.0076320
T  992 54 .1182830E+11   8240000E+01 -.7688E+05 -.1303E+06   .9999926 -.0036744 -.0011434
T  993 54 .1179607E+11   8240000E+01 -.1016E+06 -.1309E+06   .9999965 -.0026384  .0000027
T  994 54 .1177286E+11   8240000E+01  .8732E+05 -.1163E+06   .9999978  .0009714 -.0018849
T  995 54 .1185269E+11   8240000E+01 -.9318E+05 -.9254E+05   .9999727 -.0041270  .0061282
T  996 54 .1176237E+11   8240000E+01  .2193E+06  .3396E+05   .9999953  .0026431  .0015612
T  997 54 .1174949E+11   8240000E+01  .3010E+05  .3482E+06   .9999678  .0013391  .0079138
T  998 54 .1177720E+11   8240000E+01 -.1472E+06  .3177E+06   .9999611 -.0019923  .0085937
T  999 54 .1174721E+11   8240000E+01  .2123E+06 -.1122E+06   .9999643  .0084424 -.0004587
